names,preds
i-PA_TroP_AgI3,-0.135288322955294
TriMA_TroP_AgI3,-0.129663017188388
TroP_Az_AgI3,-0.06024171863849
3-Py_TroP_AgI3,0.0491908001946481
TroP_Py_AgI3,0.0529601765378036
TroP_Az_CuI3,0.0786226172650646
Cs_TiZ_CuBr3,0.0825693412712322
TetraMA_TroP_AgI3,0.0934159900010525
TriMA_TroP_CuI3,0.0969204582912405
i-PA_TroP_CuI3,0.108338556823445
TroP_Py_CuI3,0.112217977401173
PhA_TroP_AgI3,0.165187851847128
TroP_TiZ_AgI3,0.16985594620703
DiEA_TroP_AgI3,0.175578706008813
TetraMA_TroP_CuI3,0.191873613102508
3-Py_TroP_CuI3,0.192564854547836
PhA_Py_MoI3,0.204222472175674
DiEA_Py_WI3,0.207534614567134
TetraMA_Py_WI3,0.220130190582453
DiMA_TroP_MoI3,0.231386084535328
EA_TroP_MoI3,0.231386084535328
PhA_TiZ_WI3,0.237690885167851
TroP_TiZ_MoI3,0.248016791584413
i-BuA_Py_WI3,0.25006557182216
Cs_TiZ_CuI3,0.253473415043779
PhA_DiMA_WI3,0.257566995676464
3-Py_Py_WI3,0.262750746347394
TroP_IM_MoI3,0.283073120164012
TroP_TiZ_CuI3,0.295256942332267
3-Py_TetraMA_WI3,0.29871333725125
PhA_TroP_MoI3,0.301282509815691
Cs_HY_CuI3,0.301527953071091
FA_TroP_WI3,0.311160509945724
TriMA_TroP_PtI3,0.328316464391056
DiMA_TroP_CuI3,0.328414995893608
EA_TroP_CuI3,0.328414995893608
Cs_MA_CuI3,0.331442992695932
DiMA_TroP_AgI3,0.333311740974276
EA_TroP_AgI3,0.333367465368175
Cs_NH4_CuI3,0.333411314631048
FA_TroP_CuI3,0.333930045326548
i-PA_TroP_PtI3,0.339173763794703
PhA_Py_WI3,0.345402919465424
DiEA_TroP_CuI3,0.349689334688713
TriMA_TroP_CuBr3,0.353200421311906
NH4_i-PA_CuBr3,0.353274427963506
TroP_AA_MoI3,0.359627153630351
DiEA_Py_AgI3,0.362032183714685
PhA_TroP_CuI3,0.363532498546388
TetraMA_Py_CuI3,0.368965065888444
DiEA_i-PA_CuBr3,0.370950388128289
TroP_MA_MoI3,0.374280271837922
TroP_IM_AgI3,0.375057499045159
NH4_TroP_CuI3,0.375651417667857
FA_TroP_AgI3,0.376431556080775
HY_TroP_CuBr3,0.376530833769995
TroP_Az_PtI3,0.377593694786811
HY_TroP_CuI3,0.377690830479146
i-BuA_Py_AgI3,0.378916075530265
PhA_TroP_WI3,0.384112195550079
TroP_Az_CuBr3,0.384658177501631
HA_TroP_CuI3,0.38762619955314
TriMA_TroP_PdI3,0.387963225811514
3-Py_TroP_MoI3,0.389156908031574
PhA_TroP_PtI3,0.389319260315445
FM_TroP_CuI3,0.390745585381919
DiEA_i-PA_AgI3,0.390922370860966
FM_HY_CuI3,0.393489120251399
i-BuA_Py_CuBr3,0.394182226637524
AA_Py_CuI3,0.394834939669625
NH4_Py_CuI3,0.394918813896645
FA_Py_CuI3,0.394981804552738
NH4_MA_CuI3,0.399004064114898
PhA_Py_AgI3,0.399292823685091
i-PA_TroP_PdI3,0.399381324343719
3-Py_Py_CuI3,0.40035873416391
GUA_TroP_AgI3,0.40125537224611
PhA_IM_WI3,0.401816697983557
TroP_Az_PdI3,0.404408787039212
FA_TroP_CuBr3,0.406149850832596
HY_Py_CuI3,0.408142857437668
3-Py_TroP_CuBr3,0.410846953964939
FM_Az_CuI3,0.410991209273032
TriMA_Py_CuI3,0.411313256579273
PhA_Az_WI3,0.412949115181748
EA_TroP_CuBr3,0.414050475254483
3-Py_TroP_PtI3,0.414347590060267
FM_MA_CuI3,0.414652260577213
Az_Py_CuI3,0.416580286496347
3-Py_TiZ_CuI3,0.417623221910477
TetraMA_Py_AgI3,0.417799428776025
TetraMA_i-PA_CuBr3,0.418443043337352
FA_HA_CuI3,0.419116364811598
DiEA_TriMA_CuBr3,0.420211326116143
HY_GUA_CuI3,0.420303617984248
HY_Py_CuBr3,0.420695962032722
GUA_Py_CuI3,0.421308797384696
i-BuA_Py_CuI3,0.421712059409394
EA_i-PA_CuI3,0.422307226259905
TetraMA_i-PA_CuI3,0.42253279213301
FA_NH4_CuI3,0.422615671697201
HA_TroP_CuBr3,0.422953291490232
IM_Py_CuI3,0.422954157706033
FM_GUA_CuI3,0.423357860765959
EA_i-PA_CuBr3,0.423660836182794
HY_TroP_AgI3,0.423844363958031
FM_AA_CuI3,0.424130141324304
HA_NH4_CuI3,0.424188592753561
Az_TiZ_CuI3,0.425099433072681
TroP_MA_CuBr3,0.425237079262693
DiMA_TiZ_CuI3,0.425345122794398
EA_TiZ_CuI3,0.425345122794398
TroP_Py_MoI3,0.426393106792254
TriMA_Py_AgI3,0.426644208384527
HY_TroP_WI3,0.426677642967749
TetraMA_Py_CuBr3,0.42768786000914
HA_TroP_AgI3,0.427997282857784
i-PA_Py_CuI3,0.430094670790548
PhA_Az_MoI3,0.430454006395538
HA_Py_CuI3,0.430808273979887
TriMA_i-PA_CuI3,0.433268616220002
TroP_AA_WI3,0.433772717431154
NH4_i-PA_CuI3,0.433871442012685
3-Py_i-PA_CuBr3,0.434249267481321
TriMA_Py_CuBr3,0.43461844961326
GUA_Py_AgI3,0.43642618146805
IM_MA_CuI3,0.436547306203033
TriMA_i-PA_CuBr3,0.436577473106222
FM_DiMA_CuI3,0.436590637651794
FM_EA_CuI3,0.436590637651794
Py_TiZ_AgI3,0.437903371608863
DiEA_TroP_PtI3,0.438920959628724
AA_Py_AgI3,0.439218441418475
FA_Az_CuI3,0.439574334659
HA_MA_CuI3,0.439839327092757
FM_NH4_CuI3,0.440263485331627
FA_i-PA_CuI3,0.44043427117903
IM_Py_AgI3,0.440830712113722
i-BuA_TiZ_AgI3,0.441069606059531
TriMA_TroP_MoI3,0.441465679171516
i-PA_TroP_CuBr3,0.442072200067357
FM_TriMA_CuI3,0.442561151415384
IM_Az_CuI3,0.442806368039773
GUA_AA_CuI3,0.443466511917406
HY_MA_CuI3,0.443819557269522
Az_Py_WI3,0.443856925347597
i-PA_Py_AgI3,0.44484342590931
i-PA_TroP_MoI3,0.445890579699838
3-Py_NH4_CuI3,0.446168251985477
TriMA_TiZ_CuI3,0.446374690213591
HA_Cs_CuI3,0.446821567251511
FM_FA_CuI3,0.447458418539028
Az_Py_CuBr3,0.447566559621184
Az_Py_AgI3,0.447779913803734
Py_MA_CuBr3,0.44810398132645
FM_TroP_CuBr3,0.448189465226953
TetraMA_i-PA_AgI3,0.448470995761353
3-Py_Py_AgI3,0.449192149113373
FA_TiZ_CuI3,0.450011895799418
AA_TiZ_CuI3,0.450156620754115
MA_TiZ_CuI3,0.450528634508363
TroP_MA_CuI3,0.450570690527964
TriMA_TiZ_AgI3,0.450813005838791
GUA_TroP_WI3,0.450882711177065
EA_NH4_CuI3,0.451188029963459
GUA_Az_CuI3,0.451568012956597
HA_DiMA_CuI3,0.451933267759653
FA_HY_CuI3,0.452005557950601
i-PA_Py_CuBr3,0.452394558038181
Py_TiZ_CuI3,0.452579835522318
IM_TiZ_CuI3,0.452630457990261
GUA_TiZ_CuI3,0.453187510858862
TetraMA_TroP_MoI3,0.45348517624641
IM_MA_CuBr3,0.454028553077477
FM_Py_CuI3,0.454057022116994
Az_TiZ_AgI3,0.45498326478916
DiMA_Py_CuI3,0.455050410047749
EA_Py_CuI3,0.455050410047749
3-Py_FM_CuI3,0.45562497900168
IM_AA_AgI3,0.455865604910562
TetraMA_TroP_CuBr3,0.456532347621691
EA_HA_CuI3,0.45674575080187
FM_i-PA_CuI3,0.458527755235854
3-Py_Py_CuBr3,0.458726981410897
TroP_Py_CuBr3,0.458951943436617
3-Py_AA_CuBr3,0.458973907142073
TriMA_Py_WI3,0.45902789288415
TetraMA_TroP_PtI3,0.459203428026078
DiEA_TroP_MoI3,0.459709865701282
DiMA_TroP_CuBr3,0.460396520161868
3-Py_HA_CuI3,0.460609768009483
3-Py_i-PA_CuI3,0.462364247837136
DiMA_TiZ_AgI3,0.462545729874654
EA_TiZ_AgI3,0.462545729874654
3-Py_i-PA_AgI3,0.46322678054913
HA_Az_CuI3,0.463501577823517
i-PA_Py_WI3,0.463579592319875
3-Py_TiZ_AgI3,0.46379792229882
DiEA_TiZ_AgI3,0.463798589665574
i-PA_TiZ_CuI3,0.464150798638512
FM_Cs_CuI3,0.464209705964678
PhA_MA_WI3,0.465273077479769
IM_Az_AgI3,0.465667648820365
DiEA_Py_CuI3,0.465721629612318
IM_AA_CuI3,0.465747437927351
PhA_Az_AgI3,0.466021577023143
DiMA_TroP_WI3,0.466519374203515
EA_TroP_WI3,0.466519374203515
PhA_GUA_AgI3,0.468411103506324
i-PA_TiZ_AgI3,0.468589114263711
3-Py_FA_CuBr3,0.469031747955371
HA_IM_CuI3,0.469246645914494
HY_AA_CuI3,0.469539552840476
IM_Az_CuBr3,0.470100917957931
GUA_IM_CuI3,0.470144114614799
FA_AA_CuI3,0.470269671285786
AA_Az_CuI3,0.470325233100096
AA_Az_CuBr3,0.47072838924015
FA_Py_CuBr3,0.470945865490597
FA_IM_CuI3,0.471211545878119
NH4_TroP_CuBr3,0.471289461683413
HY_IM_CuI3,0.471533146627825
AA_MA_CuI3,0.471693643187768
DiMA_Py_CuBr3,0.471728556543216
EA_Py_CuBr3,0.471728556543216
EA_TiZ_CuBr3,0.472036740662466
DiMA_IM_CuI3,0.472520813401108
EA_IM_CuI3,0.472520813401108
AA_TiZ_AgI3,0.472674360032754
DiMA_TiZ_CuBr3,0.472840017467554
HA_AA_CuI3,0.473382965087156
PhA_IM_AgI3,0.473818418915289
AA_Py_CuBr3,0.473991973232813
IM_TiZ_AgI3,0.474348835120192
TriMA_IM_CuI3,0.474503196899203
HA_GUA_CuI3,0.475194087763927
FM_HA_CuI3,0.476017965690073
DiEA_TriMA_AgI3,0.476056261122345
3-Py_GUA_CuI3,0.476976560883369
TroP_i-BuA_AgI3,0.477487573094051
TriMA_IM_CuBr3,0.478303958111617
3-Py_HY_CuI3,0.478491324009513
FM_TetraMA_CuI3,0.479365245328071
3-Py_FA_CuI3,0.479425072580642
3-Py_Az_WI3,0.479802148053728
TetraMA_TiZ_AgI3,0.47995295930529
TroP_Az_MoI3,0.481340490410653
TriMA_TroP_WI3,0.481696350416849
TroP_Py_WI3,0.481791115247451
Az_TiZ_CuBr3,0.482110893553635
Py_MA_CuI3,0.482143457749502
TroP_AA_AgI3,0.482151530126335
GUA_TiZ_AgI3,0.48406038043089
FM_TiZ_CuI3,0.485059412779936
HA_TetraMA_CuI3,0.485680649778085
3-Py_MA_CuI3,0.485914195999434
FA_i-PA_CuBr3,0.485979747596515
i-PA_TroP_WI3,0.486121250945171
PhA_DiMA_AgI3,0.487326887819254
DiEA_AA_AgI3,0.488516108835109
DiEA_i-PA_CuI3,0.489431842617579
FA_DiMA_CuI3,0.490466036674303
DiMA_GUA_CuI3,0.490793657019315
EA_GUA_CuI3,0.490793657019315
HY_Az_CuI3,0.490861957955108
TriMA_TiZ_CuBr3,0.491214891320424
PhA_TiZ_AgI3,0.491347542353526
DiEA_TetraMA_WI3,0.491722646694962
FM_IM_CuI3,0.491925524356153
i-PA_IM_CuI3,0.492279305324123
DiMA_IM_CuBr3,0.493213579006269
EA_IM_CuBr3,0.493213579006269
3-Py_TroP_PdI3,0.494446679186171
3-Py_IM_CuI3,0.494485646406857
HA_TriMA_CuI3,0.495200171971114
i-PA_IM_CuBr3,0.496080066536539
NH4_Py_CuBr3,0.498329120900602
DiEA_TroP_WI3,0.50069005729292
3-Py_GUA_AgI3,0.500784132215635
DiEA_EA_CuBr3,0.500963887255845
TroP_IM_CuBr3,0.501578522838981
TriMA_IM_AgI3,0.502010328574753
TroP_IM_PtI3,0.502622527627185
EA_TriMA_CuBr3,0.503446854810571
3-Py_TroP_WI3,0.503895842335003
EA_MA_CuBr3,0.504906473457193
FA_GUA_AgI3,0.504967559063968
3-Py_AA_AgI3,0.50518553962762
3-Py_IM_AgI3,0.50563918184229
EA_FA_CuI3,0.506720099757559
3-Py_TriMA_CuBr3,0.507813327206892
EA_PhA_WI3,0.509742804494646
3-Py_AA_CuI3,0.510732936700777
DiEA_DiMA_CuBr3,0.510746919306891
GUA_Py_CuBr3,0.511389432940028
FA_TiZ_AgI3,0.511916824014939
FM_TroP_WI3,0.512255543787886
GUA_TroP_CuI3,0.512746426937347
FA_Az_CuBr3,0.51276496980002
3-Py_MA_CuBr3,0.513479874972472
PhA_AA_AgI3,0.513996245653242
DiMA_MA_CuBr3,0.513999186887245
GUA_IM_AgI3,0.514218175026987
NH4_DiMA_CuBr3,0.514976894840342
NH4_Az_CuBr3,0.515128197352628
EA_TriMA_CuI3,0.516044755011791
FA_IM_CuBr3,0.516248080624123
NH4_TroP_WI3,0.517012619361888
DiEA_TetraMA_AgI3,0.517097082583696
GUA_Az_CuBr3,0.519155978966525
i-PA_IM_AgI3,0.519786436999674
AA_MA_CuBr3,0.521777314671777
PhA_MA_AgI3,0.521813330896027
GUA_IM_CuBr3,0.523410665169181
Az_MA_CuI3,0.524876063862595
NH4_TiZ_CuBr3,0.524884740207905
DiEA_IM_AgI3,0.525129743061696
FA_MA_CuI3,0.525356275015968
TriMA_GUA_CuI3,0.525750472238163
FA_MA_CuBr3,0.526483177226854
3-Py_Az_CuBr3,0.526826416702324
FA_Cs_CuI3,0.527122165334838
DiMA_AA_CuI3,0.527210862822192
EA_AA_CuI3,0.527210862822192
Az_Py_WBr3,0.528823699110926
DiEA_Az_AgI3,0.530135941242245
TroP_Py_PtI3,0.530553014774087
DiEA_HA_CuI3,0.531984112439342
HA_IM_CuBr3,0.53231190769325
EA_NH4_CuBr3,0.532661351910931
3-Py_GUA_CuBr3,0.53274302396132
PhA_Py_PtI3,0.532958814235333
FA_TriMA_CuI3,0.534171799930916
TroP_MA_WI3,0.534876356564335
FA_AA_CuBr3,0.535295217591461
FA_TetraMA_CuBr3,0.535526980299175
TroP_TiZ_WI3,0.535601050743326
TroP_IM_CuI3,0.537819157666662
EA_DiMA_CuI3,0.538627438587164
TroP_Az_WI3,0.538670016579452
MA_TiZ_CuBr3,0.538739483267103
3-Py_Az_CuI3,0.539653686078569
FM_Py_CuBr3,0.539829189419812
FM_MA_CuBr3,0.540477147022374
TriMA_TetraMA_CuBr3,0.541639869196609
3-Py_DiMA_CuBr3,0.542035080405521
3-Py_EA_CuBr3,0.542035080405521
3-Py_HY_CuBr3,0.542146542307265
TroP_IM_WI3,0.542273051073776
NH4_AA_CuI3,0.542485830179847
TetraMA_Az_CuBr3,0.543005767813282
DiEA_NH4_CuI3,0.543018595577747
DiEA_PhA_MoI3,0.54511599515967
3-Py_PhA_MoI3,0.545454063738205
TetraMA_AA_CuBr3,0.545706825296545
TetraMA_Az_CuI3,0.545949944301714
TetraMA_TiZ_CuI3,0.545977076489078
DiMA_Az_CuBr3,0.547142562303861
EA_Az_CuBr3,0.547142562303861
TriMA_DiMA_CuBr3,0.547146740390608
FA_HY_CuBr3,0.547375434964327
GUA_AA_CuBr3,0.547458781163577
EA_i-PA_AgI3,0.547923380966354
DiEA_GUA_AgI3,0.548393860916135
TriMA_TetraMA_CuI3,0.548581380544763
TriMA_DiMA_CuI3,0.548644893020215
HY_IM_CuBr3,0.549029885446516
TriMA_AA_CuBr3,0.549039901106089
DiMA_Az_CuI3,0.549436915143953
EA_Az_CuI3,0.549436915143953
TriMA_TetraMA_AgI3,0.549520367072964
TetraMA_TroP_WI3,0.550251913448078
TriMA_MA_CuI3,0.551223828036895
HA_MA_CuBr3,0.551654910125695
DiEA_HY_CuI3,0.551981806026876
HA_AA_AgI3,0.552103353950842
3-Py_Az_AgI3,0.552293383618013
TetraMA_AA_CuI3,0.552354345063838
TetraMA_MA_CuI3,0.552587967835128
FA_TiZ_CuBr3,0.553361730364134
TetraMA_MA_CuBr3,0.554162562499447
3-Py_FM_CuBr3,0.554230176477688
HY_DiMA_CuI3,0.554597000861613
IM_AA_CuBr3,0.554887896603805
DiMA_GUA_CuBr3,0.55581920332499
EA_GUA_CuBr3,0.55581920332499
TriMA_MA_CuBr3,0.555866379916685
3-Py_TriMA_CuI3,0.556101776589022
TetraMA_GUA_CuI3,0.556411343676579
3-Py_NH4_CuBr3,0.556429626482926
HY_MA_CuBr3,0.556510700529158
NH4_MA_CuBr3,0.55661860384447
3-Py_TriMA_AgI3,0.556964309301017
FM_i-PA_CuBr3,0.557041310040942
PhA_TiZ_MoI3,0.55722423427311
Cs_AA_CuI3,0.557898851985109
TriMA_HY_CuI3,0.558564981783549
TriMA_NH4_CuBr3,0.5586112982679
NH4_IM_CuBr3,0.558712084164569
TriMA_Az_CuI3,0.558786581764997
DiEA_TiZ_WI3,0.558918469573371
EA_TetraMA_CuI3,0.559028126283199
DiEA_FA_CuI3,0.559056142213825
FM_TriMA_CuBr3,0.559270233493536
TetraMA_DiMA_CuI3,0.559317204631756
FM_AA_CuBr3,0.559484975328895
EA_TetraMA_CuBr3,0.559485220616923
FA_TriMA_CuBr3,0.559543807322087
TetraMA_DiMA_CuBr3,0.559774298965479
FM_TiZ_CuBr3,0.559910706056191
i-BuA_MA_CuBr3,0.560477348470196
i-PA_AA_CuBr3,0.560594050628805
TriMA_Az_CuBr3,0.560855399437774
TetraMA_Az_AgI3,0.561274964133455
NH4_AA_CuBr3,0.561421620502167
FA_DiMA_CuBr3,0.562098909608397
DiEA_Py_PtI3,0.562559971981588
i-BuA_AA_AgI3,0.56271993951066
EA_TroP_PdI3,0.562781751901545
NH4_GUA_CuBr3,0.563632241596112
PhA_DiMA_PtI3,0.563695577551875
TriMA_AA_CuI3,0.563824317821873
3-Py_DiEA_WI3,0.564536139503535
AA_TiZ_CuBr3,0.564837831561458
i-PA_DiMA_CuBr3,0.564922848815529
3-Py_DiMA_CuI3,0.565040082326968
3-Py_EA_CuI3,0.565703241083222
Az_MA_CuBr3,0.566459781238094
FA_TetraMA_CuI3,0.567211783935328
TetraMA_HY_CuI3,0.568295321444151
DiMA_AA_CuBr3,0.568338857582451
EA_AA_CuBr3,0.568338857582451
Cs_IM_CuBr3,0.568934336193498
3-Py_TetraMA_AgI3,0.569446237467796
FM_Az_CuBr3,0.570120910704407
TetraMA_GUA_AgI3,0.570138964433377
TetraMA_NH4_CuI3,0.570147384436139
FA_NH4_CuBr3,0.570837279319775
i-PA_GUA_CuI3,0.570896912062359
HY_Az_CuBr3,0.571160433909523
TroP_Py_PdI3,0.571255060373154
GUA_TiZ_CuBr3,0.571803450836752
FM_HY_CuBr3,0.572226940876253
PhA_MA_CuI3,0.573195588971958
DiEA_MA_CuI3,0.574646604153555
3-Py_i-BuA_WI3,0.574659353618851
TetraMA_AA_AgI3,0.575009035409837
Cs_GUA_CuI3,0.575225568593521
EA_FA_CuBr3,0.575765289144353
NH4_Az_CuI3,0.576303732863665
TroP_MA_AgI3,0.577321319363839
TriMA_GUA_CuBr3,0.577525076016055
Py_MA_AgI3,0.578062194781939
i-PA_Az_CuBr3,0.578631507862695
HY_GUA_CuBr3,0.578653296828647
TriMA_Py_WBr3,0.578878282144939
HA_TetraMA_CuBr3,0.580453797799883
PhA_TroP_PdI3,0.580566060691721
TriMA_i-PA_AgI3,0.581151796984145
DiEA_TriMA_CuI3,0.581793937332751
TetraMA_PhA_MoI3,0.581962312974258
FM_IM_CuBr3,0.582051178787509
Cs_TroP_CuI3,0.582105424683195
i-BuA_AA_CuI3,0.583730342919037
FA_HA_CuBr3,0.583891466459157
i-BuA_Az_CuI3,0.583905778164947
i-PA_MA_CuI3,0.58421367281429
PhA_i-BuA_MoI3,0.585657366621206
i-PA_Py_WBr3,0.585936214892655
HA_TroP_WI3,0.586221295884864
EA_HY_CuI3,0.586717326255501
FM_HA_CuBr3,0.586834087156211
i-BuA_TiZ_WI3,0.587079923107687
i-BuA_MA_CuI3,0.587237320697945
FM_DiMA_CuBr3,0.589011339213975
FM_EA_CuBr3,0.589011339213975
FA_i-PA_AgI3,0.589028018843633
TriMA_Cs_CuI3,0.589863025052741
FA_DiMA_AgI3,0.590184865712325
HY_Py_AgI3,0.590256069190595
DiEA_HY_AgI3,0.590405569259045
AA_MA_AgI3,0.590427578299629
TetraMA_IM_AgI3,0.590721207324034
PhA_AA_WI3,0.590934614463069
i-PA_HY_CuI3,0.591554826560945
FM_NH4_CuBr3,0.591909596061114
Cs_TroP_CuBr3,0.592854566236289
FA_Az_AgI3,0.592989619028479
i-BuA_Az_AgI3,0.59378469942398
i-PA_DiMA_CuI3,0.593791332844411
3-Py_Az_WBr3,0.595220932879946
i-PA_GUA_CuBr3,0.595301184440976
FM_TetraMA_CuBr3,0.595968895898557
IM_Py_CuBr3,0.596004039556752
FM_GUA_CuBr3,0.596019444031393
EA_FA_AgI3,0.59647878749865
HA_Az_CuBr3,0.596995775987783
TetraMA_TroP_PdI3,0.597996466493736
FA_GUA_CuI3,0.598443863883581
Cs_DiMA_CuI3,0.598603442860579
GUA_TroP_WBr3,0.599357332530824
DiEA_HA_AgI3,0.60055608014044
3-Py_HA_CuBr3,0.600599371435665
HA_TriMA_CuBr3,0.603515701287047
i-PA_Az_CuI3,0.603933021589193
EA_Cs_CuI3,0.604204628703396
HA_Py_CuBr3,0.604709344019487
FA_AA_AgI3,0.60500637204132
EA_DiMA_CuBr3,0.606227192544924
TriMA_NH4_CuI3,0.606347357507811
TriMA_HY_AgI3,0.607632969165129
i-PA_AA_CuI3,0.608970757646069
i-PA_TiZ_CuBr3,0.609161480143327
MA_TiZ_AgI3,0.609643929750652
TetraMA_GUA_CuBr3,0.610043697687504
FM_FA_CuBr3,0.613370429215623
TroP_TiZ_CuBr3,0.614320112422248
Cs_MA_CuBr3,0.61494010311585
PhA_MA_PdI3,0.614956826767454
TroP_TiZ_PtI3,0.615146859221816
i-PA_MA_CuBr3,0.61547386776738
PhA_GUA_WI3,0.615995579686594
DiEA_Az_CuI3,0.616953526948972
GUA_AA_AgI3,0.617638140564025
GUA_Az_AgI3,0.619999462577319
Cs_IM_CuI3,0.620482929213281
TroP_AA_CuI3,0.620927045314354
PhA_Az_PtI3,0.622640902318295
TetraMA_HY_CuBr3,0.622898862101877
i-BuA_Az_CuBr3,0.62292945565041
HY_AA_AgI3,0.623201979013748
TetraMA_NH4_CuBr3,0.623908012797809
DiMA_GUA_AgI3,0.625530357774848
EA_GUA_AgI3,0.625530357774848
DiEA_MA_AgI3,0.626148481870729
Py_TiZ_MoI3,0.626391675363619
DiMA_MA_CuI3,0.628760238805309
EA_MA_CuI3,0.628760238805309
3-Py_Cs_CuI3,0.628968180281141
HA_TetraMA_AgI3,0.629638292843403
DiEA_MA_CuBr3,0.629851849281249
i-PA_TiZ_WI3,0.630876598980468
TetraMA_TiZ_WI3,0.631449047501183
TriMA_TiZ_WI3,0.632857717968586
DiMA_AA_AgI3,0.632999399428467
EA_AA_AgI3,0.632999399428467
DiEA_FA_CuBr3,0.633455991458869
Cs_i-PA_CuBr3,0.635899089788273
Cs_Py_CuBr3,0.635986771043713
FA_Py_AgI3,0.636831166310429
DiMA_Py_AgI3,0.638201953937025
EA_Py_AgI3,0.638201953937025
TroP_MA_PdI3,0.638448397151375
i-BuA_AA_CuBr3,0.640760775501935
EA_TriMA_AgI3,0.641660909718242
TriMA_MA_AgI3,0.643279421755904
PhA_DiMA_PdI3,0.643301148109893
3-Py_Cs_CuBr3,0.643334409673398
PhA_IM_MoI3,0.644264764594094
TroP_i-BuA_CuI3,0.644630168732197
PhA_MA_WBr3,0.644790985838319
i-BuA_TiZ_CuI3,0.645558942347843
DiEA_i-PA_WI3,0.645869511242436
DiEA_TriMA_WI3,0.646143390208848
TriMA_DiMA_AgI3,0.646618607501321
TriMA_HY_CuBr3,0.646802430372681
DiEA_MA_MoI3,0.647068927477492
i-PA_HY_AgI3,0.647935229268873
HA_TriMA_AgI3,0.648357211097005
3-Py_FA_AgI3,0.648423082969497
Az_TiZ_WI3,0.648626515578568
Cs_Az_CuBr3,0.651813156860907
TriMA_Cs_CuBr3,0.651903581463469
i-PA_HY_CuBr3,0.6524776681447
TroP_TiZ_PdI3,0.653599059209448
DiEA_AA_CuI3,0.654200706780653
TetraMA_IM_CuI3,0.65488364611467
PhA_AA_WBr3,0.655115748100914
FM_Cs_CuBr3,0.655909809476473
DiEA_AA_MoI3,0.656953234626989
PhA_MA_PtI3,0.657291538175009
AA_Az_AgI3,0.658114359457168
DiEA_Az_CuBr3,0.658344681498109
FA_TriMA_AgI3,0.658434220646528
Py_TiZ_WI3,0.6597636483671
Cs_Az_CuI3,0.660302123154022
Cs_Py_CuI3,0.663067645842011
DiEA_TiZ_PtI3,0.663095411224027
Cs_AA_CuBr3,0.663242066230796
PhA_Az_PdI3,0.663468760412124
TriMA_GUA_AgI3,0.663728573298091
Cs_DiMA_CuBr3,0.663851397286872
NH4_TroP_MoI3,0.663951062996998
DiMA_Az_AgI3,0.664381457495517
TetraMA_Cs_CuI3,0.66563762962428
FA_PhA_HfI3,0.666254307131557
TroP_MA_MoBr3,0.666394207573361
3-Py_TiZ_MoI3,0.667139699337967
GUA_TroP_CuBr3,0.668462178571776
TetraMA_HY_AgI3,0.668986459443141
DiEA_Az_WI3,0.669069932296937
TetraMA_Cs_CuBr3,0.669192626359034
NH4_i-BuA_CuI3,0.669622342674371
EA_DiMA_AgI3,0.67070168588383
3-Py_PhA_WI3,0.670921652689058
PhA_DiMA_MoI3,0.67111362670751
PhA_Py_CuI3,0.672510567384618
3-Py_TriMA_WI3,0.675604810413493
DiEA_FA_MoI3,0.675766127491876
3-Py_i-PA_WI3,0.676228400462222
i-PA_MA_AgI3,0.6762692665333
FA_PhA_ZrI3,0.676473248293465
DiEA_EA_AgI3,0.676926615358184
HA_Py_AgI3,0.677449919925816
PhA_TiZ_CuI3,0.677679796162096
DiEA_Py_MoI3,0.678416045243333
HY_DiMA_CuBr3,0.679338271132411
HA_DiMA_CuBr3,0.679492864433305
i-PA_DiMA_AgI3,0.679608452278716
DiEA_TiZ_MoI3,0.68102464651323
EA_Az_AgI3,0.681624532370811
3-Py_TetraMA_CuI3,0.683785753862164
TroP_IM_PdI3,0.683878196856529
Cs_TroP_WI3,0.684072183069918
DiEA_NH4_AgI3,0.685119897581068
Cs_i-PA_CuI3,0.685653056807801
PhA_MA_MoI3,0.686688614551553
DiEA_DiMA_AgI3,0.68670964740923
DiMA_TroP_PtI3,0.686835659141739
EA_TroP_PtI3,0.686835659141739
FA_TroP_MoI3,0.688269704787589
DiEA_FA_AgI3,0.688720309704111
TetraMA_MA_AgI3,0.688910382779311
DiMA_IM_AgI3,0.690625054584426
EA_IM_AgI3,0.690625054584426
EA_HA_CuBr3,0.693298733410659
PhA_DiMA_CuBr3,0.696337240663057
i-PA_TroP_InI3,0.696401162111907
i-BuA_TiZ_MoI3,0.696675271115983
DiEA_DiMA_MoI3,0.697659675323217
DiEA_EA_MoI3,0.697659675323217
i-BuA_Py_PtI3,0.698251989719106
DiEA_Az_MoI3,0.698740775795512
DiEA_TiZ_PdI3,0.699495079354297
EA_Cs_CuBr3,0.700330026276154
TriMA_i-BuA_CuI3,0.701530187294886
DiEA_PhA_WI3,0.70189127402347
DiEA_TiZ_CuI3,0.702309844217581
i-BuA_MA_AgI3,0.702482025338639
DiEA_TriMA_MoI3,0.703600041026965
TriMA_AA_AgI3,0.704189059025267
DiEA_i-PA_MoI3,0.705045294570939
PhA_Py_PdI3,0.705833983031931
HY_TroP_WBr3,0.706248893268662
PhA_GUA_MoI3,0.706372388845669
FA_IM_AgI3,0.706519976671021
3-Py_Py_PdI3,0.70657696644378
DiEA_IM_MoI3,0.707092572236449
3-Py_IM_CuBr3,0.707783821485998
FA_TetraMA_AgI3,0.708585741944767
i-PA_GUA_AgI3,0.708875013122287
PhA_TiZ_PtI3,0.709275671272144
TetraMA_Py_WBr3,0.710481079958309
DiEA_AA_WI3,0.711505190807002
3-Py_i-PA_WBr3,0.713962525804347
3-Py_DiMA_AgI3,0.714327473875273
3-Py_EA_AgI3,0.714327473875273
GUA_TroP_MoI3,0.715824344756143
EA_TiZ_WI3,0.716661002763115
DiMA_TiZ_WI3,0.71688008596934
FA_i-BuA_CuI3,0.716917577629277
PhA_DiMA_CuI3,0.717359192573471
DiEA_EA_CuI3,0.718151697500306
DiEA_NH4_CuBr3,0.71862106881792
TriMA_Az_AgI3,0.719435627370066
TetraMA_i-PA_WI3,0.721014665430953
DiEA_IM_WI3,0.721306543991265
3-Py_TiZ_WI3,0.721881549056517
FA_i-BuA_CuBr3,0.722383410180914
HA_i-BuA_CuI3,0.723639276266254
TetraMA_TiZ_CuBr3,0.723755173352919
PhA_TroP_WBr3,0.724225796291122
PhA_AA_PtI3,0.726143653051989
i-PA_i-BuA_CuI3,0.727593372784523
DiEA_HY_CuBr3,0.728242506270154
DiEA_Py_PdI3,0.729995391804097
DiEA_i-BuA_AgI3,0.730600321750065
PhA_Az_CuI3,0.730884461035131
DiEA_Py_CuBr3,0.731092607849382
HY_i-BuA_CuI3,0.731995270066314
HA_AA_CuBr3,0.732068849599406
DiEA_IM_CuI3,0.732861625623268
GUA_i-BuA_CuI3,0.735078240146588
TetraMA_i-BuA_WI3,0.737135586782929
TetraMA_i-BuA_AgI3,0.73815502867405
PhA_Az_MoBr3,0.738998571320022
PhA_i-BuA_WI3,0.740309348821789
IM_TiZ_CuBr3,0.740997564999704
FA_GUA_CuBr3,0.741173233833684
i-BuA_Az_WI3,0.742211365515983
DiMA_i-BuA_CuBr3,0.742458271492769
TriMA_i-BuA_AgI3,0.743322955981782
TroP_Az_InI3,0.743536225297155
TetraMA_Az_WI3,0.743654287356896
HA_TroP_WBr3,0.744704406285529
DiEA_HA_CuBr3,0.744807804136032
EA_TetraMA_AgI3,0.745459809634185
i-BuA_TiZ_CuBr3,0.745656708523529
TetraMA_DiMA_AgI3,0.745748887982742
TetraMA_PhA_WI3,0.747856999233791
TetraMA_Py_PtI3,0.747918109463755
i-PA_AA_AgI3,0.749335498849463
HA_GUA_CuBr3,0.750299393076684
DiMA_TroP_WBr3,0.751507790680338
EA_TroP_WBr3,0.751507790680338
DiEA_i-BuA_WI3,0.75162967540301
PhA_GUA_CuI3,0.751783902754148
TriMA_PhA_WI3,0.752262250873198
TroP_AA_PdI3,0.754807775306813
EA_i-BuA_CuI3,0.754831778861448
IM_Py_WI3,0.755544204898246
DiMA_i-BuA_CuI3,0.755717551094621
NH4_i-BuA_AgI3,0.755893158453517
i-PA_PhA_WI3,0.756023992645267
FM_Cs_WI3,0.756060748078614
TetraMA_TiZ_MoI3,0.756246229914978
i-BuA_Py_MoI3,0.756755982459668
EA_HY_CuBr3,0.758157261049055
3-Py_TiZ_CuBr3,0.758767065314493
i-PA_i-BuA_AgI3,0.758947442623619
PhA_IM_CuI3,0.759116475412901
HY_TroP_PdI3,0.76074963360377
TroP_AA_PtI3,0.761149630696591
i-PA_Az_AgI3,0.76188114511507
IM_TiZ_WI3,0.761895014666478
DiEA_GUA_WI3,0.762207312967312
PhA_AA_MoI3,0.762596162212416
DiEA_GUA_MoI3,0.762957023296084
DiEA_IM_CuBr3,0.764585687373974
DiEA_i-BuA_CuI3,0.765841068028369
DiEA_FA_WI3,0.766365530221789
i-BuA_TiZ_PtI3,0.766479276978612
NH4_i-BuA_CuBr3,0.766594491806139
TriMA_TetraMA_WI3,0.766919926914024
DiEA_TetraMA_CuBr3,0.768065063176385
AA_Py_WI3,0.769172235608639
TetraMA_IM_CuBr3,0.769299289586508
TroP_IM_InI3,0.77032645703351
GUA_MA_CuBr3,0.770714346538817
FM_i-BuA_CuI3,0.771752698844232
TroP_TiZ_AgCl3,0.771858121711395
3-Py_TetraMA_WBr3,0.774539510654526
PhA_i-BuA_AgI3,0.774571264901182
DiEA_Py_WBr3,0.774826188766145
TroP_TiZ_CuCl3,0.775277243173365
Az_TiZ_PdI3,0.776044172632167
3-Py_TroP_WBr3,0.776412851252602
PhA_i-BuA_CuI3,0.778799781413122
HY_i-BuA_CuBr3,0.779114557007911
DiEA_TetraMA_MoI3,0.779813515273349
DiEA_DiMA_WI3,0.781222478775723
DiEA_EA_WI3,0.781222478775723
HA_TroP_MoI3,0.781486701651173
PhA_TiZ_PdI3,0.782634377848221
HY_TroP_MoI3,0.783222625841635
DiEA_GUA_CuBr3,0.783277718763304
DiEA_TriMA_PdI3,0.78517138068104
GUA_i-BuA_AgI3,0.78530040785595
DiEA_i-PA_PdI3,0.786616634225014
HY_AA_CuBr3,0.78697827335292
i-BuA_AA_WI3,0.787418966555546
FA_PhA_WI3,0.789539765614459
EA_Py_MoI3,0.789775693902587
TroP_AA_CuBr3,0.789923576142699
DiMA_Py_MoI3,0.789994777108811
DiEA_EA_PdI3,0.790629920502204
3-Py_i-BuA_AgI3,0.792910538156424
IM_Py_MoI3,0.793554590769173
DiEA_TetraMA_CuI3,0.793839464752578
i-BuA_Az_MoI3,0.794138620119122
3-Py_TriMA_WBr3,0.794410444714882
NH4_HY_CuBr3,0.794749268090242
NH4_PhA_HfI3,0.795256480230612
DiEA_DiMA_PdI3,0.795391166958629
PhA_TiZ_WBr3,0.796826013701146
FM_i-BuA_CuBr3,0.799875049510591
i-PA_Py_MoI3,0.801114955467766
TriMA_Py_MoI3,0.803096074455882
Cs_TroP_MoI3,0.803972691407942
Az_Py_MoI3,0.807820496502707
HA_PhA_WI3,0.807991899549237
HA_HY_CuBr3,0.808196307842327
PhA_MA_CuBr3,0.80832167638249
Py_TiZ_PdI3,0.811778310303729
DiMA_TroP_MoBr3,0.812622163092861
EA_TroP_MoBr3,0.812622163092861
AA_Py_MoI3,0.813611774083316
3-Py_TetraMA_CuBr3,0.81409766006192
IM_Az_WI3,0.814235842066538
Az_TiZ_MoI3,0.815015311880752
TroP_TiZ_MoBr3,0.815530492163423
Az_Py_PdI3,0.815696430361723
HA_i-BuA_CuBr3,0.815826697845018
TetraMA_i-BuA_CuI3,0.816987366251197
DiEA_TroP_CuBr3,0.817132190038411
FA_PhA_MoI3,0.817212641733171
3-Py_TetraMA_PtI3,0.817487824472069
i-PA_IM_WI3,0.817770883761013
TriMA_i-BuA_CuBr3,0.818713402862125
3-Py_Py_PtI3,0.819054781830793
TriMA_IM_WI3,0.819807727143028
TroP_Az_SnI3,0.819871500727413
i-BuA_AA_MoI3,0.820809581010869
DiEA_IM_PtI3,0.820860449649346
FA_TroP_WBr3,0.822348800709034
DiEA_HA_MoI3,0.822700627022864
DiEA_HA_PdI3,0.823075168188936
HA_NH4_CuBr3,0.823146230145797
i-BuA_MA_MoI3,0.82315026025176
TetraMA_TroP_WBr3,0.824003699919351
IM_i-BuA_AgI3,0.825672807606227
DiEA_MA_PdI3,0.826021022824246
FA_DiMA_AgCl3,0.82679562899082
TriMA_TroP_WBr3,0.827012513708461
HA_PhA_CuI3,0.827663002116221
DiEA_FA_PdI3,0.827938960482861
3-Py_Py_WBr3,0.828290131278604
TroP_AA_WBr3,0.828331698400263
PhA_GUA_PtI3,0.828801607428689
TetraMA_Py_MoI3,0.828802502066459
DiEA_TroP_WBr3,0.829121725589733
EA_FA_AgCl3,0.829566936703483
TroP_IM_AgCl3,0.83008911154956
FA_Cs_CuBr3,0.830253735846764
i-BuA_Py_WBr3,0.83053472355171
Cs_NH4_CuBr3,0.830724311621016
TroP_Py_WBr3,0.831359484131266
PhA_Py_WBr3,0.831483103606586
TetraMA_IM_MoI3,0.831725855982417
PhA_AA_CuI3,0.832174729645864
i-PA_TroP_WBr3,0.834070446456177
Cs_TiZ_WI3,0.834222416202239
DiEA_TetraMA_PdI3,0.834963827004257
TroP_Az_WBr3,0.83512067697681
Cs_HY_CuBr3,0.835557600660409
DiEA_HY_MoI3,0.836297421326658
EA_i-BuA_CuBr3,0.836558754282439
Py_MA_MoI3,0.83731250034504
PhA_AA_CuBr3,0.838669531422862
PhA_TroP_CuBr3,0.839825193868651
FA_PhA_CuI3,0.840028052208598
3-Py_i-BuA_CuI3,0.841030511346102
IM_TiZ_MoI3,0.841214312345202
3-Py_Py_MoI3,0.841319717100799
EA_TiZ_MoI3,0.841978684675826
DiMA_TiZ_MoI3,0.84219776788205
TroP_i-BuA_MoI3,0.843626408976075
i-PA_Az_MoI3,0.844413653351422
EA_TetraMA_MoI3,0.845080317912587
i-PA_TiZ_MoI3,0.845137220142403
TetraMA_DiMA_MoI3,0.845369396261144
3-Py_AA_WI3,0.846205979614525
TetraMA_Az_MoI3,0.846450496733438
TriMA_Az_MoI3,0.846450496733438
3-Py_TiZ_PdI3,0.846681387321448
Az_Py_PtI3,0.847080963387561
TriMA_TiZ_MoI3,0.84711833913052
TriMA_TetraMA_MoI3,0.847470209637434
PhA_TroP_MoBr3,0.847553371163138
TetraMA_TiZ_PdI3,0.84823882854013
DiEA_AA_PdI3,0.849261341222286
i-PA_IM_MoI3,0.850000337235962
DiEA_HY_PdI3,0.85092753631898
TriMA_i-PA_MoI3,0.851215001261132
TriMA_IM_MoI3,0.852037180617977
GUA_Py_WI3,0.852220623483348
TroP_IM_WBr3,0.852814770063707
TetraMA_i-PA_MoI3,0.853315814637423
3-Py_IM_MoI3,0.853748758397581
HA_HY_PdI3,0.853985475967352
FA_PhA_AgI3,0.855395413804233
IM_Az_MoI3,0.856579501670308
HA_Cs_CuBr3,0.856933188893415
TriMA_TroP_AgCl3,0.856942754075191
MA_TiZ_WI3,0.85706287906346
Cs_TiZ_MoI3,0.857510558974212
TroP_Py_MoBr3,0.857925270251401
FA_Py_MoI3,0.858950546739766
NH4_PhA_CuBr3,0.859582574035948
TetraMA_AA_WI3,0.859775710873486
FA_TroP_AgCl3,0.86013018327428
TroP_TiZ_WBr3,0.862180598984439
3-Py_DiMA_MoI3,0.862269374100167
3-Py_EA_MoI3,0.862269374100167
DiEA_HA_WI3,0.862316182763228
NH4_Py_MoI3,0.862330953709338
3-Py_Az_MoI3,0.863079223371002
HY_TroP_PtI3,0.863142050595034
PhA_IM_CuBr3,0.863913199262271
i-PA_TroP_AgCl3,0.864943682752037
FA_TroP_PtI3,0.865147875756428
Cs_GUA_CuBr3,0.86556748894678
TriMA_TroP_CuCl3,0.865980770787342
AA_TiZ_WI3,0.865999845158326
i-BuA_TiZ_PdI3,0.866078891833443
i-PA_i-BuA_CuBr3,0.867338411494929
AA_MA_AgCl3,0.867378906338201
TroP_Az_CuCl3,0.867687336636606
DiEA_Cs_CuI3,0.86779072439062
3-Py_IM_WI3,0.8678233240951
TroP_MA_WBr3,0.868923549066195
NH4_PhA_WI3,0.869318427483677
HY_i-BuA_AgI3,0.869814921949823
TroP_i-BuA_WI3,0.873273211804514
DiMA_Az_MoI3,0.873755403722762
EA_Az_MoI3,0.873755403722762
DiEA_IM_PdI3,0.873820019647503
FM_TroP_MoI3,0.874066283343898
HA_NH4_PdI3,0.874406234225938
PhA_IM_PtI3,0.874733552742503
3-Py_i-PA_MoI3,0.87518403597273
TriMA_TroP_MoBr3,0.875822298229494
HY_Az_AgCl3,0.875827315740219
3-Py_TroP_MoBr3,0.876037821727582
i-PA_DiMA_MoI3,0.876678932072202
HA_PhA_MoI3,0.878437565789628
TriMA_DiMA_MoI3,0.878715775454218
HA_i-PA_CuI3,0.87891412963217
NH4_PhA_MoI3,0.878936757564283
i-PA_TroP_CuCl3,0.879384131556784
DiMA_TroP_AgCl3,0.879409246283356
EA_TroP_AgCl3,0.879409246283356
GUA_TroP_PtI3,0.879424452040566
TriMA_TroP_InBr3,0.879438286743968
DiMA_IM_MoI3,0.880493785363086
EA_IM_MoI3,0.880493785363086
HA_TroP_PdI3,0.880723004842736
TetraMA_IM_WI3,0.882052624865544
FM_PhA_WI3,0.882532907225573
GUA_TiZ_WI3,0.882706883447165
i-PA_TroP_MoBr3,0.882880230977211
Py_TiZ_PtI3,0.882898915382873
IM_AA_WI3,0.882911650322741
i-PA_TroP_InBr3,0.883143180265722
EA_TriMA_MoI3,0.883203794922198
3-Py_TriMA_MoI3,0.883248151022163
EA_i-PA_MoI3,0.884649048466172
DiEA_NH4_MoI3,0.886115145835172
TetraMA_i-PA_WBr3,0.886742616729926
DiEA_GUA_PdI3,0.886889859682378
GUA_IM_AgCl3,0.887111784831938
TroP_Az_MoBr3,0.887584755588642
TriMA_i-PA_WI3,0.888290909985332
3-Py_AA_MoI3,0.888566592323512
3-Py_MA_MoI3,0.889887297768437
EA_i-PA_AgCl3,0.890156057869679
TroP_MA_PtI3,0.890242586759969
TroP_TiZ_InI3,0.890664842869866
i-PA_TiZ_PdI3,0.890823771306298
TetraMA_MA_MoI3,0.891379085687148
FM_PhA_MoI3,0.891492488363548
DiEA_NH4_PdI3,0.891984264033539
FM_TroP_PdI3,0.892018042692792
TetraMA_AA_MoI3,0.893166325328809
DiEA_MA_WI3,0.893619214318862
TriMA_TroP_NiI3,0.894640506605578
Py_TiZ_CuBr3,0.894936357950468
AA_Az_MoI3,0.895371379056321
PhA_AA_PdI3,0.895539283257742
DiEA_i-PA_PtI3,0.895717061746013
3-Py_Py_AgCl3,0.895788179898473
FM_TetraMA_MoI3,0.895923658410907
EA_DiMA_AgCl3,0.896381026142318
FM_Py_MoI3,0.897317329092525
i-PA_Az_WI3,0.897766168516836
3-Py_GUA_WI3,0.897903129965721
i-PA_TroP_NiI3,0.898402248377647
3-Py_DiMA_WI3,0.898638490323905
3-Py_EA_WI3,0.898638490323905
NH4_TiZ_CuI3,0.899039544904949
TriMA_Az_WI3,0.899803011898852
GUA_Py_AgCl3,0.899828441177015
EA_i-BuA_AgI3,0.901231094021417
DiMA_i-BuA_AgI3,0.901560855331758
TroP_IM_CuCl3,0.901728678371174
NH4_PhA_CuI3,0.902375508745844
DiEA_TriMA_PtI3,0.90297860933331
TroP_IM_MoBr3,0.90309535144772
i-BuA_Py_PdI3,0.903407760494822
TetraMA_Az_WBr3,0.903730990305078
DiEA_TriMA_WBr3,0.904226097234489
FA_i-PA_AgCl3,0.904237477329337
FM_Py_WI3,0.904266518788905
PhA_IM_WBr3,0.904352608706212
AA_Az_WI3,0.90441503407507
DiEA_Cs_CuBr3,0.90449729874263
TriMA_TiZ_PdI3,0.905249125631802
TriMA_TetraMA_WBr3,0.905469586359227
DiEA_TetraMA_WBr3,0.906532617619496
FA_TetraMA_WI3,0.906609270845954
HA_Cs_PdI3,0.906857678662922
i-PA_AA_MoI3,0.908300475210828
HA_PhA_CuBr3,0.909293669485185
DiEA_i-PA_WBr3,0.909477300999669
FM_TetraMA_WI3,0.90999400153394
TriMA_AA_MoI3,0.910337318592844
PhA_Az_WBr3,0.910756644407904
Cs_i-BuA_CuBr3,0.91085447202264
i-PA_AA_WI3,0.910957307305405
TetraMA_GUA_WI3,0.911213801019773
HY_TiZ_CuI3,0.912679955123624
TriMA_AA_WI3,0.912994150687421
DiMA_TroP_CuCl3,0.913558055583841
EA_TroP_CuCl3,0.913558055583841
FA_TetraMA_MoI3,0.914115036342982
Cs_TiZ_PtI3,0.914414155017079
3-Py_TiZ_PtI3,0.914514608248856
TriMA_PhA_MoI3,0.914965567347648
3-Py_FA_MoI3,0.916159945404856
FM_PhA_CuI3,0.916534662382748
TetraMA_TroP_MoBr3,0.91655442499212
3-Py_FM_MoI3,0.91762104843198
EA_Py_WI3,0.917651929837951
TriMA_MA_AgCl3,0.91779774468099
DiMA_Py_WI3,0.917871013044175
i-PA_MA_AgCl3,0.917975382561662
TroP_i-BuA_CuBr3,0.918569210659282
TetraMA_Py_PdI3,0.91881848439879
TriMA_IM_AgCl3,0.91890736725929
i-PA_PhA_MoI3,0.919461542389476
FM_TroP_AgCl3,0.920071015966815
PhA_DiMA_WBr3,0.920470875128997
TroP_Az_NiI3,0.920852930700217
3-Py_FM_WI3,0.921382299020193
NH4_TiZ_WI3,0.92139157308016
HA_i-BuA_AgI3,0.921437212548478
DiEA_TroP_MoBr3,0.921672450662502
PhA_Py_MoBr3,0.922304704902466
HA_TiZ_CuI3,0.922881322237579
PhA_IM_PdI3,0.923885867169987
HA_PhA_AgI3,0.924180696089989
GUA_Py_MoI3,0.924765380110013
IM_AA_AgCl3,0.924895017842856
IM_Az_AgCl3,0.927212791866725
AA_Py_AgCl3,0.927406350234204
3-Py_TetraMA_PdI3,0.927855291225508
3-Py_TroP_AgCl3,0.928200064054481
DiMA_TroP_HfI3,0.928971905420149
EA_TroP_HfI3,0.928971905420149
TriMA_i-PA_AgCl3,0.929293428305712
Py_TiZ_WBr3,0.930296504753413
TroP_Az_InBr3,0.930645916820989
i-PA_IM_AgCl3,0.931241600186762
EA_TetraMA_WI3,0.932074588619237
IM_i-BuA_CuI3,0.932349006360257
TetraMA_DiMA_WI3,0.932363666967794
3-Py_TroP_CuCl3,0.932650655527354
FA_i-BuA_AgI3,0.933190732308351
i-BuA_Az_PdI3,0.934729259595
GUA_i-BuA_CuBr3,0.935479553901682
FA_TiZ_WI3,0.936414927960585
HY_PhA_WI3,0.937446924238251
AA_TiZ_AgCl3,0.93745122288318
PhA_Py_AgCl3,0.937481656703925
Az_TiZ_AgCl3,0.937779342727363
3-Py_TetraMA_MoI3,0.937962588046822
GUA_IM_WI3,0.938648664950368
TroP_Py_InI3,0.938805078635209
TetraMA_Py_AgCl3,0.939345447089867
3-Py_NH4_MoI3,0.939696140282851
HY_TiZ_CuBr3,0.939803527754859
3-Py_AA_AgCl3,0.942157798015461
i-PA_GUA_WI3,0.942384401129331
TroP_Az_CoI3,0.942955081163187
TriMA_GUA_WI3,0.944421244511346
GUA_Az_WI3,0.944641472001802
FM_IM_WI3,0.944716369898832
DiEA_Py_AgCl3,0.946249376900847
TriMA_Py_PdI3,0.946649443265429
DiEA_AA_PtI3,0.947437823584582
DiEA_GUA_PtI3,0.949812622835142
i-BuA_Py_AgCl3,0.95031003877049
DiEA_Az_WBr3,0.950732649993548
3-Py_Py_MoBr3,0.951450970785068
TriMA_TiZ_AgCl3,0.951574173768647
TroP_Py_CuCl3,0.952313172591351
TroP_i-BuA_PtI3,0.952747612741013
3-Py_PhA_ZrI3,0.952889566820134
GUA_TiZ_AgCl3,0.953813505836933
TriMA_Py_CuCl3,0.954168707270164
GUA_TroP_AgCl3,0.954501893217157
DiEA_Az_PtI3,0.954656115831133
FM_PhA_HfI3,0.954804278754916
IM_AA_MoI3,0.955079660588883
TriMA_TroP_FeI3,0.955403129859958
DiMA_IM_WI3,0.956965318663824
EA_IM_WI3,0.956965318663824
Az_TiZ_PtI3,0.957233312096454
TroP_TiZ_SnI3,0.957458184563611
3-Py_PhA_AgI3,0.958899722711463
i-PA_TroP_FeI3,0.959164871632027
FM_Cs_MoI3,0.960294438351071
i-PA_Py_PdI3,0.961396182412267
AA_TiZ_MoI3,0.961640727644974
HA_i-PA_CuBr3,0.961647964645791
i-PA_TiZ_PtI3,0.962251730139433
HY_Py_AgCl3,0.962597884337121
EA_PhA_AgI3,0.963097847884176
Cs_i-BuA_CuI3,0.963552543854498
TroP_Az_AgCl3,0.963656434764114
i-PA_TiZ_AgCl3,0.963908406696119
TriMA_TiZ_PtI3,0.964288573521449
FM_TiZ_WI3,0.964775508439773
FA_Py_WI3,0.964816557269247
TetraMA_TroP_CuCl3,0.965156528842117
DiEA_HY_WI3,0.966851677619376
HY_GUA_PdI3,0.967451141664334
EA_TriMA_AgCl3,0.967588145517038
TriMA_PhA_AgI3,0.967757152914815
3-Py_TiZ_WBr3,0.968485082101188
NH4_TroP_PtI3,0.968500342402833
FM_PhA_ZrI3,0.969262149679546
i-BuA_AA_CuCl3,0.970237301189576
Py_MA_PdI3,0.97119603593702
TetraMA_i-PA_AgCl3,0.97120586558917
i-BuA_MA_PdI3,0.972196045500188
3-Py_GUA_AgCl3,0.972291282426618
GUA_Py_PdI3,0.972393968901925
EA_Py_PdI3,0.972707700895791
3-Py_i-PA_AgCl3,0.97297219385803
IM_TiZ_AgCl3,0.973110118633168
DiMA_IM_AgCl3,0.973720156047454
EA_IM_AgCl3,0.973720156047454
IM_Py_WBr3,0.973936444223028
TetraMA_AA_AgCl3,0.97457960898675
Py_MA_AgCl3,0.974863483896091
AA_Py_PdI3,0.974983649317473
FA_TiZ_MoI3,0.975872718037685
DiMA_Py_WBr3,0.976107031344306
EA_Py_WBr3,0.976107031344306
i-PA_Py_AgCl3,0.976540085575148
3-Py_TroP_SnI3,0.97741125545826
Cs_PhA_CuBr3,0.977694154782465
TriMA_TroP_CoI3,0.978132515548489
i-BuA_AA_PdI3,0.97827220806727
TroP_Py_AgCl3,0.980074303466844
TriMA_TroP_SnI3,0.98056561181265
FA_TriMA_AgCl3,0.981669564976696
i-BuA_MA_WI3,0.981757976457793
i-PA_TroP_CoI3,0.981894257320557
DiEA_DiMA_PtI3,0.981957977919109
DiEA_EA_PtI3,0.981957977919109
PhA_GUA_PdI3,0.981965614963542
Py_MA_WI3,0.982455398051602
3-Py_FA_WI3,0.982500319471556
HA_IM_AgCl3,0.982561518413831
FA_IM_AgCl3,0.983346657144709
i-PA_PhA_AgI3,0.983381639556652
FM_Cs_WBr3,0.983862841161025
TriMA_Py_AgCl3,0.984144653822143
3-Py_TiZ_AgCl3,0.984401621552547
IM_MA_MoI3,0.984625113199853
i-PA_TroP_ZrI3,0.984860067874007
IM_Py_AgCl3,0.984948199752174
MA_TiZ_AgCl3,0.985075892904156
IM_Py_PdI3,0.986006473910045
TetraMA_Az_PdI3,0.986643861633861
TriMA_TetraMA_PdI3,0.987163273964779
DiMA_TroP_ZrBr3,0.987509179532832
EA_TroP_ZrBr3,0.987509179532832
HY_PhA_CuI3,0.987813088419935
IM_Az_PdI3,0.98804506680614
TetraMA_TroP_AgCl3,0.988774075940562
GUA_IM_MoI3,0.989220175791765
3-Py_Az_PdI3,0.989573449940026
FA_Py_AgCl3,0.990144638465002
FA_TroP_MoBr3,0.990496015168423
TetraMA_GUA_AgCl3,0.990639918549071
3-Py_IM_AgCl3,0.990723070930427
TriMA_IM_PdI3,0.990990931928488
DiEA_EA_WBr3,0.99099995679864
FA_AA_AgCl3,0.991080737281912
DiEA_DiMA_WBr3,0.991121171930692
TriMA_DiMA_AgCl3,0.991770571223615
TroP_TiZ_InBr3,0.991785839006144
i-PA_DiMA_AgCl3,0.991948209104286
Az_Py_AgCl3,0.992052289239241
FM_TriMA_WI3,0.993082227142562
GUA_AA_PdI3,0.994557373892403
EA_MA_PdI3,0.994932217343531
TetraMA_i-PA_PdI3,0.995075913030958
MA_TiZ_InI3,0.995559847285591
HY_Py_MoI3,0.996359082269898
DiEA_NH4_WI3,0.996510293137944
i-PA_GUA_MoI3,0.996863163557711
NH4_Py_WI3,0.997571077331616
DiEA_MA_WBr3,0.997886489535485
DiMA_GUA_InI3,0.997968300568048
EA_TetraMA_PdI3,0.998183597437137
NH4_TroP_WBr3,0.998244390310299
TetraMA_DiMA_PdI3,0.998472675785693
IM_Az_WBr3,0.99879728711109
TriMA_GUA_MoI3,0.998900006939727
FA_IM_MoI3,0.999451593765086
GUA_IM_PdI3,0.999783202367265
GUA_AA_AgCl3,0.999975820592144
HA_Py_AgCl3,1.00006077124758
HY_IM_AgCl3,1.00049266677946
HY_Py_PdI3,1.00060968753401
TriMA_Az_PdI3,1.00065490856825
DiEA_Py_MoBr3,1.0009221412012
NH4_TroP_AgCl3,1.0009509245377
FM_Cs_PdI3,1.00123229795515
DiMA_AA_InI3,1.00163263238625
GUA_TiZ_MoI3,1.00205849043648
FM_Py_PdI3,1.00225945838799
DiMA_TiZ_AgCl3,1.00248171664798
EA_TiZ_AgCl3,1.00248171664798
IM_AA_PdI3,1.0027082493808
HA_TriMA_AgCl3,1.00284787686925
TriMA_IM_WBr3,1.00295188789076
IM_MA_AgCl3,1.00316967154521
TetraMA_DiMA_AgCl3,1.00353484394925
EA_TetraMA_AgCl3,1.00370018110716
i-PA_IM_WBr3,1.00421123548439
3-Py_IM_PdI3,1.00449509400054
FM_TroP_PtI3,1.00450902411294
TroP_Py_SnI3,1.00451683106246
TriMA_i-PA_PdI3,1.0047507515401
FM_Az_WI3,1.00553051591469
FM_TetraMA_PdI3,1.00559488666577
EA_TiZ_PdI3,1.00604331826298
HA_TetraMA_WI3,1.00608887479246
HA_TiZ_PdI3,1.00623817426881
i-PA_Az_PdI3,1.00627442194638
NH4_PhA_AgI3,1.00636074356504
FM_i-PA_WI3,1.00747332068035
3-Py_TriMA_PdI3,1.00772801281013
i-PA_TroP_SnI3,1.00813962404301
3-Py_AA_PdI3,1.0085274336985
FA_AA_MoI3,1.00878579657634
HA_TroP_AgCl3,1.00881816661921
3-Py_i-PA_PdI3,1.00917326635411
DiEA_FA_PtI3,1.00927466582014
i-PA_i-BuA_WI3,1.00930979552393
AA_Az_AgCl3,1.01016624360262
TriMA_NH4_PdI3,1.01073036287642
GUA_TiZ_PdI3,1.01076677229062
GUA_Az_PdI3,1.01087914456037
TriMA_GUA_PdI3,1.011152913017
FM_TroP_WBr3,1.01125916599909
DiEA_FA_CuCl3,1.01141536059499
GUA_Az_MoI3,1.01145048011896
MA_TiZ_PdI3,1.01180463446345
FA_Az_MoI3,1.0123811611957
IM_MA_PdI3,1.01254698746289
EA_DiMA_MoI3,1.01264584843968
AA_Py_WBr3,1.01299475893563
HY_Py_WI3,1.01334357436919
TetraMA_Py_CuCl3,1.01342913285349
i-BuA_Az_WBr3,1.01376376210765
3-Py_IM_WBr3,1.01377902165928
3-Py_TroP_NiI3,1.0138841938042
GUA_AA_MoI3,1.01391330674934
MA_TiZ_MoI3,1.01396012357406
FM_Az_MoI3,1.0140576858326
Az_MA_MoI3,1.01448034103646
TetraMA_GUA_MoI3,1.01464676545869
TetraMA_NH4_AgCl3,1.01472625459353
FM_AA_PdI3,1.01517905926418
TetraMA_PhA_HfI3,1.01559411046467
FA_TriMA_MoI3,1.01563838413826
FA_i-PA_MoI3,1.01603111058464
DiMA_AA_MoI3,1.01631093869456
EA_AA_MoI3,1.01631093869456
i-PA_GUA_PdI3,1.01677242639512
FM_TriMA_MoI3,1.01681865392332
EA_GUA_MoI3,1.01722039766562
HY_MA_PdI3,1.01726847576512
TroP_IM_InBr3,1.01749310622123
FA_GUA_MoI3,1.01759547174536
EA_IM_PdI3,1.01772912194701
Py_TiZ_AgCl3,1.01809242926751
FM_TiZ_PdI3,1.01833979087399
DiMA_MA_MoI3,1.01904120869302
EA_MA_MoI3,1.01904120869302
3-Py_DiMA_PdI3,1.01949134067734
3-Py_EA_PdI3,1.01949134067734
HY_DiMA_PdI3,1.01953074471277
HY_TiZ_PdI3,1.01968658774023
i-PA_IM_InI3,1.02000991522002
PhA_GUA_CuBr3,1.02040406743297
DiEA_IM_WBr3,1.02048231720503
Az_MA_PdI3,1.02052070711135
EA_FA_PdI3,1.02069622791527
TetraMA_NH4_MoI3,1.02094136201096
EA_i-PA_CuCl3,1.02095236749298
TetraMA_NH4_PdI3,1.02098950389128
AA_TiZ_PdI3,1.02101954758686
i-BuA_MA_AgCl3,1.02133899242775
i-PA_MA_MoI3,1.02159727740781
3-Py_FM_AgCl3,1.02214312668747
i-PA_MA_PdI3,1.02241822518827
HY_AA_PdI3,1.02248381297684
EA_AA_PdI3,1.02289372054157
TriMA_NH4_MoI3,1.02289663613497
EA_DiMA_PdI3,1.02308488974944
TriMA_MA_MoI3,1.02363412078983
3-Py_MA_PdI3,1.02368545413489
TetraMA_IM_PtI3,1.02386651090625
NH4_TiZ_MoI3,1.02419482524154
TriMA_MA_PdI3,1.02445506857029
HY_TroP_AgCl3,1.02540142028718
i-PA_DiMA_PdI3,1.02572471732063
PhA_Py_CuBr3,1.02652321600624
TroP_IM_SnI3,1.02653340420697
FA_Az_WI3,1.02667002326083
DiMA_GUA_MoI3,1.02672976625903
FM_GUA_AgCl3,1.02686606647202
DiMA_TiZ_InI3,1.02706631441997
FA_Py_WBr3,1.02711207402061
DiMA_Az_AgCl3,1.02712929703647
EA_Az_AgCl3,1.02712929703647
TriMA_DiMA_PdI3,1.02776156070265
EA_Az_PdI3,1.02855358282639
EA_HY_PdI3,1.02860020474405
TetraMA_MA_PdI3,1.02884266117494
FM_TriMA_PdI3,1.02909135502786
FA_IM_WI3,1.02941914930015
AA_Az_PdI3,1.02952970254515
DiMA_GUA_AgCl3,1.0295318397416
EA_GUA_AgCl3,1.0295318397416
TriMA_i-PA_WBr3,1.02968697470983
DiMA_TiZ_PtI3,1.02986796411093
EA_TiZ_PtI3,1.02986796411093
HA_Py_WI3,1.02995284302548
DiMA_Py_AgCl3,1.02996163689509
EA_Py_AgCl3,1.02996163689509
EA_TriMA_WBr3,1.03006265566493
TetraMA_AA_PdI3,1.03018681010613
FM_i-PA_PdI3,1.03053660857184
FM_i-PA_MoI3,1.03120974746111
3-Py_GUA_MoI3,1.03130658578813
HA_IM_PdI3,1.0319530433844
HA_i-PA_AgI3,1.03207116875807
HA_Py_PdI3,1.0320944405443
EA_TriMA_PdI3,1.03224958017063
TriMA_TiZ_WBr3,1.03362663542102
EA_i-PA_PdI3,1.0337505581085
HA_Py_MoI3,1.03414255281354
3-Py_FA_AgCl3,1.03467294367433
HY_IM_MoI3,1.03486259409977
TetraMA_IM_PdI3,1.03490069149276
FM_TiZ_MoI3,1.03502679633337
PhA_DiMA_MoBr3,1.03516751009963
HA_PhA_PdI3,1.03527753854184
i-PA_DiMA_WI3,1.03528664827824
TetraMA_MA_WI3,1.03539656406926
IM_TiZ_WBr3,1.03633014936526
DiEA_HA_PtI3,1.03669696871611
FA_Az_AgCl3,1.03679436016695
IM_MA_WI3,1.03696812215539
3-Py_MA_AgCl3,1.03714076503807
FA_TriMA_WI3,1.03720262019336
TriMA_DiMA_WI3,1.03732349166025
FA_i-PA_WI3,1.0373511066228
HY_IM_PdI3,1.03744647358109
DiMA_AA_WI3,1.03763093473272
EA_AA_WI3,1.03763093473272
FM_AA_MoI3,1.03766864789821
FM_Az_PdI3,1.03797210644272
Az_MA_WI3,1.03841388082271
3-Py_HA_MoI3,1.0394855892244
3-Py_MA_WI3,1.03965542446047
GUA_Az_AgCl3,1.04026818976791
IM_TiZ_PdI3,1.04043208431698
PhA_Az_CuBr3,1.04073824380958
i-PA_TiZ_WBr3,1.04087673643749
TetraMA_Az_AgCl3,1.04111593836006
EA_TriMA_WI3,1.04143476476771
DiMA_Az_WI3,1.04161881246875
EA_Az_WI3,1.04161881246875
FA_TiZ_AgCl3,1.04166401059951
TriMA_i-BuA_WI3,1.04195474832548
TriMA_AA_PdI3,1.04212373369865
FM_EA_WI3,1.04219606557521
HY_Az_PdI3,1.04222856231607
TetraMA_TiZ_AgCl3,1.04253542438751
EA_i-PA_WI3,1.04288001831168
HA_AA_PdI3,1.04289915708587
3-Py_HY_MoI3,1.04343617243956
FM_DiMA_WI3,1.04346816949954
TriMA_Az_AgCl3,1.04349992370369
FM_EA_PdI3,1.04351347813087
HA_TetraMA_PdI3,1.04352680881822
TetraMA_PhA_AgI3,1.04389185661695
i-PA_MA_WI3,1.04404985407524
TetraMA_NH4_WI3,1.04439281988054
HY_TiZ_WI3,1.04473929286198
FA_DiMA_MoI3,1.04476072294059
TriMA_TetraMA_AgCl3,1.04544728123271
TriMA_TiZ_CuCl3,1.04574011135784
3-Py_FA_PdI3,1.04592060467426
TriMA_MA_WI3,1.04608669745726
EA_i-PA_WBr3,1.04619041812774
HA_Az_PdI3,1.04627569444221
DiEA_PhA_PtI3,1.04640106580179
FM_DiMA_PdI3,1.04654561241045
HA_TriMA_PdI3,1.04718995988671
TroP_TiZ_HfI3,1.04745560122939
PhA_GUA_WBr3,1.04757293548768
i-PA_AA_PdI3,1.04774324707677
EA_DiMA_WI3,1.04781935904313
TriMA_AA_AgCl3,1.04792239970386
i-PA_Py_PtI3,1.04818133805314
FM_TroP_CuCl3,1.04832553462489
Cs_PhA_CuI3,1.04844061935124
HA_i-PA_PdI3,1.04863521343068
FA_TetraMA_AgCl3,1.04867970869213
i-PA_HY_PdI3,1.04880098209487
HA_TroP_PtI3,1.0495815572256
FM_EA_MoI3,1.04978354736095
HA_Az_WI3,1.05006843362671
EA_TiZ_CuCl3,1.05009674257121
TriMA_Py_PtI3,1.05021818143516
3-Py_TriMA_AgCl3,1.05040428150539
TriMA_HY_PdI3,1.05083782547689
EA_FA_MoI3,1.05105464472692
FM_DiMA_MoI3,1.05105565128528
IM_Py_CuCl3,1.05164480207673
AA_MA_MoI3,1.05183071877961
3-Py_Az_AgCl3,1.05211889624853
i-BuA_Az_AgCl3,1.05217828650365
TetraMA_DiMA_WBr3,1.05224664061895
EA_TetraMA_WBr3,1.05241197777686
FM_AA_WI3,1.05275689341812
HY_TiZ_MoI3,1.05276506419183
TroP_Az_FeI3,1.05292768326045
TetraMA_TroP_NiI3,1.05293235999666
HY_Az_WI3,1.05295615049517
HA_DiMA_PdI3,1.0530009114597
HA_TriMA_WI3,1.05319999685643
NH4_i-PA_MoI3,1.05324718719366
HA_TiZ_WI3,1.0533061872197
HA_TiZ_CuBr3,1.05366743640323
i-PA_GUA_InI3,1.05375658600651
FM_PhA_CuBr3,1.05388236056501
EA_HA_PdI3,1.05412538120534
DiMA_Py_InI3,1.05455276083629
HA_i-PA_WI3,1.0546452504004
PhA_Py_CuCl3,1.05476828941108
i-PA_TiZ_CuCl3,1.05477815330967
GUA_MA_MoI3,1.05489743557348
3-Py_HA_WI3,1.05519871149714
i-PA_Az_AgCl3,1.05521421616524
Py_MA_InI3,1.05554056280127
FM_MA_PdI3,1.05605775782781
EA_PhA_MoI3,1.05627605125787
3-Py_Cs_MoI3,1.05647940733084
3-Py_GUA_PdI3,1.05649534419393
HA_TiZ_MoI3,1.05658124751312
3-Py_PhA_CuI3,1.05680535753265
FM_IM_PdI3,1.0568387162835
i-PA_Py_CuCl3,1.05730723201166
DiEA_Cs_AgI3,1.05734868075137
3-Py_TroP_InBr3,1.05815028935012
NH4_i-BuA_AgCl3,1.05817545345618
TriMA_GUA_AgCl3,1.05842915990701
TroP_Az_ZrI3,1.0584429190475
FA_DiMA_WI3,1.05894218452077
FA_HY_MoI3,1.05900616966159
TetraMA_TroP_SnI3,1.05935891138159
FM_AA_AgCl3,1.05978767507193
PhA_TroP_CoI3,1.06023499191452
i-PA_AA_AgCl3,1.06025663263133
TetraMA_HY_MoI3,1.06026513867408
GUA_AA_WI3,1.06050748642184
HY_PhA_AgI3,1.06088629595078
3-Py_FM_PdI3,1.06103095853261
i-PA_AA_InI3,1.06145737999621
3-Py_HY_WI3,1.06179590178396
HA_MA_PdI3,1.06249024975239
NH4_PhA_PtI3,1.06265629208248
FM_IM_MoI3,1.06280996167217
FM_i-PA_AgCl3,1.06295588008893
Az_TiZ_WBr3,1.06367634228271
3-Py_HA_PdI3,1.06382016927076
AA_MA_WI3,1.06473612229364
Cs_NH4_MoI3,1.06493956660392
3-Py_DiEA_AgI3,1.06536678199659
FM_Az_AgCl3,1.0654670287551
FM_NH4_PdI3,1.06549644912709
EA_FA_WI3,1.06651838458537
HY_Az_MoI3,1.06702680674435
HY_MA_MoI3,1.06708691062198
3-Py_i-BuA_CuBr3,1.06746596419574
Cs_PhA_MoI3,1.06823816723433
TriMA_DiMA_WBr3,1.06858474687895
FA_MA_MoI3,1.06875608207559
DiMA_Az_WBr3,1.06893165362706
EA_Az_WBr3,1.06893165362706
FM_TriMA_AgCl3,1.06905283146331
HY_AA_MoI3,1.06942918408111
DiMA_AA_AgCl3,1.0696482320593
EA_AA_AgCl3,1.0696482320593
AA_TiZ_CuCl3,1.0700001005243
NH4_HY_MoI3,1.07011890572737
3-Py_NH4_PdI3,1.07016488388002
HY_TiZ_AgI3,1.0702146050238
i-PA_DiMA_WBr3,1.07050725322883
TetraMA_Py_MoBr3,1.07062568444847
HY_PhA_CuBr3,1.07078456233089
TetraMA_HY_PdI3,1.07081397485516
TetraMA_MA_AgCl3,1.07101834000584
DiMA_TroP_InBr3,1.07104455917684
HA_TiZ_AgI3,1.07105449543606
i-PA_GUA_AgCl3,1.07142655159074
DiMA_TiZ_CuCl3,1.0715860012629
HA_Az_MoI3,1.0716162103867
EA_TroP_InBr3,1.0716393901837
Cs_Py_MoI3,1.07218820110903
EA_NH4_PdI3,1.07254971832044
TetraMA_GUA_PtI3,1.07433287544332
IM_TiZ_PtI3,1.07434386042769
TetraMA_i-PA_CuCl3,1.07441377139561
FA_NH4_MoI3,1.07447907298959
HA_TriMA_MoI3,1.07461978645819
FM_FA_PdI3,1.07464830113078
Cs_PhA_WI3,1.07467861070843
TetraMA_TiZ_WBr3,1.07490940832828
TriMA_i-PA_CuCl3,1.07506344400862
HA_TetraMA_MoI3,1.07552431921126
FM_PhA_AgCl3,1.0760593304313
HA_i-PA_MoI3,1.07606504000216
PhA_TiZ_MoBr3,1.07617504922748
TetraMA_IM_AgCl3,1.0762389285037
HY_DiMA_MoI3,1.07637673873321
i-BuA_Py_MoBr3,1.07639033465089
TetraMA_TiZ_CuCl3,1.07657162303593
Cs_MA_MoI3,1.07667222431882
PhA_i-BuA_PtI3,1.07670818902289
NH4_IM_MoI3,1.07727981988854
EA_HY_MoI3,1.07786512711501
HA_PhA_PtI3,1.07821551620077
HY_IM_WI3,1.07884392224575
FM_HA_PdI3,1.07907134842652
FA_AA_WI3,1.07930033727617
3-Py_IM_PtI3,1.07933529161604
HA_AA_MoI3,1.08017031924909
i-PA_TiZ_InI3,1.08029092745438
NH4_Az_MoI3,1.0805044501046
TroP_IM_ZrI3,1.08067184916788
FA_TroP_CuCl3,1.08070376966614
DiEA_TiZ_CuBr3,1.08091352781163
NH4_Az_WI3,1.08106163997417
HA_PhA_HfI3,1.08117339800223
NH4_IM_WI3,1.08178769336986
EA_PhA_CuI3,1.08227972850666
HA_IM_MoI3,1.08242358991
HA_NH4_MoI3,1.08410923814584
NH4_AA_MoI3,1.08416592851698
FM_HY_PdI3,1.08430079548729
EA_NH4_MoI3,1.08430611469092
TriMA_NH4_WI3,1.08463272074925
TriMA_PhA_PtI3,1.08473210775584
i-PA_HY_WI3,1.08491412816424
HA_PhA_AgCl3,1.08539494582124
FM_GUA_MoI3,1.08550100215063
HY_GUA_MoI3,1.08640910168859
TetraMA_IM_WBr3,1.08643231867437
3-Py_AA_WBr3,1.08694608614532
TriMA_HY_WI3,1.08695097154625
3-Py_HY_PdI3,1.08701531001309
PhA_IM_MoBr3,1.08800348119922
i-PA_HY_MoI3,1.08818900471916
TetraMA_HY_WI3,1.08853082652448
FM_MA_MoI3,1.08864249490676
DiMA_MA_WI3,1.08874562043174
EA_MA_WI3,1.08874562043174
FM_PhA_PtI3,1.08957266631811
DiMA_TroP_InI3,1.08996471282425
TriMA_HY_MoI3,1.09022584810117
NH4_GUA_MoI3,1.09059194378447
3-Py_NH4_WI3,1.09085584492596
HY_PhA_MoI3,1.09123898677432
TriMA_HY_AgCl3,1.0915296673388
i-PA_HY_AgCl3,1.09170730521948
TroP_IM_ZrBr3,1.09171207581049
FM_GUA_PdI3,1.09269075342713
3-Py_Az_PtI3,1.09276414265505
DiEA_TiZ_ZrI3,1.09297098468414
3-Py_EA_AgCl3,1.09343951527298
i-PA_Az_WBr3,1.0936674629169
FM_HY_MoI3,1.09423257009481
HA_IM_WI3,1.09444183404876
FM_Py_AgCl3,1.09774292524418
TroP_IM_HfI3,1.09779404794032
NH4_DiMA_MoI3,1.09860368859719
NH4_i-PA_WI3,1.09867580185697
TetraMA_i-BuA_CuBr3,1.09870953879722
FM_HA_MoI3,1.09892305395784
3-Py_TetraMA_AgCl3,1.10238539474581
EA_HA_MoI3,1.10271121483386
FM_DiEA_CuBr3,1.10312621020994
IM_Py_PtI3,1.10313315280677
HA_DiMA_MoI3,1.10322415440347
DiEA_IM_MoBr3,1.10345953822818
PhA_TiZ_CuBr3,1.10355281070793
FA_HA_MoI3,1.10399996102759
IM_i-BuA_WI3,1.10512556409058
HA_TroP_CuCl3,1.10524439140917
IM_i-BuA_MoI3,1.10566639441871
DiMA_Py_CuCl3,1.10662293011079
EA_Py_CuCl3,1.10662293011079
FM_TiZ_AgCl3,1.10726295857372
HA_TetraMA_AgCl3,1.10736764630342
DiEA_EA_MoBr3,1.10743944101472
DiEA_DiMA_MoBr3,1.10756065614678
i-BuA_MA_WBr3,1.10890604404833
3-Py_TroP_FeI3,1.10953872159339
3-Py_HA_AgCl3,1.10956056946503
AA_Py_CuCl3,1.1096375099356
DiEA_MA_MoBr3,1.11095064529586
FM_DiEA_CuI3,1.1110443917171
FM_TroP_MoBr3,1.11123247773021
HY_PhA_HfI3,1.11242436399137
3-Py_FM_CuCl3,1.11334865785153
DiEA_Az_MoBr3,1.11339442755029
DiEA_PhA_AgI3,1.11371215901995
PhA_MA_MoBr3,1.11492415807572
Py_MA_WBr3,1.11496403084364
DiEA_TriMA_MoBr3,1.11514647993478
i-BuA_Az_PtI3,1.11527623313987
3-Py_i-BuA_WBr3,1.11528889719704
DiEA_AA_MoBr3,1.11632371909427
i-BuA_AA_PtI3,1.11668774889631
DiEA_i-PA_MoBr3,1.11685931432455
3-Py_HY_AgCl3,1.11690873054931
FM_NH4_MoI3,1.1171393724626
DiEA_AA_WBr3,1.1172435918123
DiEA_PhA_HfI3,1.11750425920071
GUA_TroP_CuCl3,1.11760518808811
Py_TiZ_MoBr3,1.11761926428429
NH4_TroP_MoBr3,1.11825402448475
Cs_TroP_WBr3,1.11843637125139
HY_GUA_PtI3,1.11850396944743
i-PA_PhA_PtI3,1.11852704580946
3-Py_TroP_CoI3,1.11925418456486
HA_GUA_MoI3,1.11945234586841
Py_TiZ_InI3,1.11952405301583
NH4_MA_MoI3,1.11966452246737
i-BuA_TiZ_WBr3,1.11972613482377
DiEA_Az_CuCl3,1.11986160856087
FM_TetraMA_AgCl3,1.11993144536906
TriMA_Az_WBr3,1.12008551053657
FA_PhA_PtI3,1.1200897246019
DiEA_GUA_CuCl3,1.1204965855349
TetraMA_i-PA_PtI3,1.1205494162856
FM_FA_MoI3,1.12060701963162
HA_MA_MoI3,1.12116604847092
IM_i-BuA_CuCl3,1.12172579834139
FM_PhA_PdI3,1.12298444908571
DiMA_TroP_ZrI3,1.12369561119581
Cs_IM_WI3,1.12393896213325
Az_TiZ_MoBr3,1.12400542806147
DiEA_FA_WBr3,1.12404017643044
3-Py_MA_WBr3,1.12437398094133
PhA_TroP_FeI3,1.12485993524151
i-BuA_Az_CuCl3,1.12490424939441
FM_IM_AgCl3,1.12540928793965
DiEA_TiZ_WBr3,1.12586307147915
Az_Py_CuCl3,1.12709633234944
TetraMA_Cs_PdI3,1.12826499319684
i-PA_Py_InI3,1.12842326284433
AA_Py_MoBr3,1.128550774054
FM_i-BuA_WI3,1.12937938556904
TriMA_AA_CuCl3,1.12954727624117
HA_HY_MoI3,1.12974082561058
FA_GUA_AgCl3,1.12990754179679
FM_DiEA_WI3,1.13006512007661
PhA_MA_ZrI3,1.13013787605063
DiMA_i-BuA_WI3,1.13129967968726
EA_i-BuA_WI3,1.13129967968726
HA_GUA_PtI3,1.13145992491935
FA_i-BuA_AgCl3,1.13156560716569
FA_PhA_AgCl3,1.13188200466265
EA_PhA_ZrI3,1.13244777782891
DiMA_i-BuA_CuCl3,1.13248150013253
EA_i-BuA_CuCl3,1.13248150013253
HY_TroP_CuCl3,1.13276183623824
TetraMA_Cs_MoI3,1.13282077315262
TroP_Py_InBr3,1.13320932721254
3-Py_DiMA_AgCl3,1.13324895107084
IM_Az_MoBr3,1.13361850116623
DiEA_i-BuA_WBr3,1.13437657546775
PhA_MA_HfI3,1.13443429743424
Py_TiZ_CuCl3,1.1354598511848
Az_Py_MoBr3,1.13556719966756
AA_Py_PtI3,1.13572332359273
DiMA_Py_MoBr3,1.13589893513828
EA_Py_MoBr3,1.13589893513828
DiEA_TiZ_AgCl3,1.13603708367466
PhA_Py_HfI3,1.1363259425392
DiEA_NH4_AgCl3,1.1366750780383
DiEA_HY_WBr3,1.13691549045797
Cs_NH4_WI3,1.13716648692841
DiEA_FA_MoBr3,1.13815680297533
FM_TriMA_PtI3,1.13825921520269
i-PA_AA_CuCl3,1.13858531819299
FM_TroP_TeCl3,1.13860048777481
DiEA_AA_AgCl3,1.13864726473003
Cs_Py_WI3,1.1389002250413
DiEA_i-PA_AgCl3,1.13913065939379
EA_TriMA_CuCl3,1.13949590543788
DiMA_Py_PtI3,1.14037874113288
EA_Py_PtI3,1.14037874113288
FA_i-BuA_WI3,1.14050834957252
i-PA_IM_PtI3,1.14137150992851
PhA_GUA_CuCl3,1.14181001545159
PhA_TroP_CuCl3,1.142037550705
Cs_MA_WI3,1.14241124539909
3-Py_i-PA_MoBr3,1.14262240679759
GUA_i-BuA_WI3,1.14267169814401
TriMA_IM_PtI3,1.14340835331052
3-Py_DiEA_CuI3,1.14371713959626
TroP_i-BuA_PdI3,1.14403062574853
PhA_TroP_NiI3,1.14449443648349
GUA_Py_WBr3,1.14454504153326
TetraMA_Cs_WI3,1.14466746486013
FM_TetraMA_PtI3,1.14514298651806
DiEA_i-BuA_AgCl3,1.14515474373291
TetraMA_MA_WBr3,1.14531007482431
DiEA_GUA_WBr3,1.14546994196148
TetraMA_IM_MoBr3,1.14581064420896
TriMA_IM_CuCl3,1.14602964619126
DiEA_i-BuA_PtI3,1.14677829331802
IM_TiZ_CuCl3,1.1470294370855
TriMA_Cs_PdI3,1.14758049160477
TriMA_PhA_CuI3,1.1475942732302
TetraMA_TiZ_MoBr3,1.14788167900222
TetraMA_Az_MoBr3,1.14868347634666
TriMA_TetraMA_CuCl3,1.14890160789344
Cs_GUA_MoI3,1.14903248431269
TetraMA_DiMA_MoBr3,1.14912738823925
EA_TetraMA_MoBr3,1.14929272539716
FA_PhA_CuCl3,1.14929760039259
Cs_HY_MoI3,1.14930074578518
HY_Az_PtI3,1.14965959732512
DiMA_TiZ_WBr3,1.14980098792141
TriMA_Az_MoBr3,1.15015276431765
FM_Az_PtI3,1.15015576015678
EA_Cs_MoI3,1.15032512245343
3-Py_TroP_ZrI3,1.15046523739622
i-BuA_TiZ_ZrI3,1.15068523399774
EA_PhA_PtI3,1.15080165031047
i-PA_Az_MoBr3,1.15141211191128
DiEA_Az_AgCl3,1.15172038992186
TriMA_TetraMA_MoBr3,1.1518913603718
IM_Py_MoBr3,1.15215250724816
TetraMA_AA_PtI3,1.15269869191418
TriMA_IM_MoBr3,1.15356806115777
Cs_PhA_AgI3,1.15361576243729
i-BuA_MA_CuCl3,1.15388597005006
IM_i-BuA_CuBr3,1.15420071627351
DiMA_IM_WBr3,1.15443912574698
EA_IM_WBr3,1.15443912574698
Cs_DiMA_MoI3,1.15470013914329
3-Py_FA_CuCl3,1.15477336785692
i-PA_IM_MoBr3,1.1548274087514
TetraMA_IM_CuCl3,1.15484996562634
DiEA_HY_MoBr3,1.15594815835835
i-BuA_Py_CuCl3,1.15627069155229
FA_i-PA_CuCl3,1.15681776864728
TetraMA_TroP_FeI3,1.15707566581711
HY_Py_PtI3,1.1572182428025
3-Py_TriMA_PtI3,1.15776153083935
Cs_TiZ_MoBr3,1.1581706401098
TetraMA_i-BuA_CuCl3,1.1586133743163
3-Py_DiMA_WBr3,1.15899947642748
3-Py_EA_WBr3,1.15899947642748
FM_i-BuA_HfI3,1.15918379795231
3-Py_i-PA_PtI3,1.15920678438332
GUA_Py_CuCl3,1.15931108740573
TetraMA_DiMA_CuCl3,1.15988129088126
i-PA_i-BuA_MoI3,1.16013095479803
TroP_i-BuA_WBr3,1.16016042583321
GUA_AA_WBr3,1.16040481591277
IM_AA_WBr3,1.16069354629707
GUA_i-BuA_AgCl3,1.16081340794079
3-Py_TroP_ZrBr3,1.161152349192
FA_i-BuA_CuCl3,1.16153898711541
DiMA_TroP_SnI3,1.16155920406705
EA_TroP_SnI3,1.16155920406705
DiMA_i-BuA_MoI3,1.16192952823828
EA_i-BuA_MoI3,1.16192952823828
TriMA_PhA_HfI3,1.16228479600492
GUA_IM_PtI3,1.16246737823747
DiEA_GUA_MoBr3,1.16281052347208
HY_AA_PtI3,1.16290334255948
FM_AA_PtI3,1.16300685307816
EA_i-BuA_AgCl3,1.16301558632862
Az_MA_HfI3,1.16309997708044
i-PA_PhA_CuI3,1.16321875987203
Cs_i-PA_WI3,1.16348830518275
3-Py_PhA_PtI3,1.16379032366795
TriMA_Cs_WI3,1.16380509382756
3-Py_TiZ_MoBr3,1.16396049705441
TriMA_i-BuA_MoI3,1.16431941996313
TriMA_DiMA_CuCl3,1.16437916750522
TroP_Py_ZrI3,1.16467168835597
DiEA_DiMA_AgCl3,1.16491061348923
DiEA_EA_AgCl3,1.16491061348923
AA_Az_WBr3,1.16504022336548
EA_Cs_PdI3,1.16512385300806
DiEA_TroP_AgCl3,1.16519134022137
3-Py_Cs_PdI3,1.16533831997482
Cs_TiZ_WBr3,1.16549113458929
TroP_Py_NiI3,1.16553393995525
HY_AA_WI3,1.16560534177877
DiMA_AA_WBr3,1.16567005298268
EA_AA_WBr3,1.16567005298268
DiEA_GUA_AgCl3,1.16577705111322
EA_PhA_HfI3,1.16587982562877
TetraMA_AA_CuCl3,1.16602305256521
DiEA_MA_AgCl3,1.16608310492191
DiEA_i-PA_CuCl3,1.16624957486962
EA_TiZ_WBr3,1.16625302833027
PhA_i-BuA_WBr3,1.16627610890894
Cs_Az_WI3,1.16700161169309
3-Py_NH4_CuCl3,1.16708927740855
i-PA_IM_CuCl3,1.16728377777293
EA_TroP_CoI3,1.16754957898482
TetraMA_Az_PtI3,1.16780735870119
FA_TriMA_WBr3,1.16833753782275
EA_GUA_WBr3,1.16846502561293
Cs_i-BuA_AgI3,1.1686087924536
PhA_TiZ_AgCl3,1.16865370324805
TetraMA_TroP_ZrI3,1.16888196562226
IM_Az_PtI3,1.16888533317892
TetraMA_TroP_CoI3,1.16921738431972
DiMA_i-BuA_AgCl3,1.16923754523082
FA_i-PA_WBr3,1.16978279136672
3-Py_i-PA_CuCl3,1.17048687002902
3-Py_AA_PtI3,1.17130981877556
HY_i-BuA_AgCl3,1.17151736032473
TetraMA_TiZ_HfI3,1.17185478737571
NH4_i-PA_CuCl3,1.17319874546301
TriMA_i-PA_MoBr3,1.17324366751247
TetraMA_AA_WBr3,1.17331716252743
i-PA_DiMA_CuCl3,1.17341720945705
FA_GUA_WI3,1.17344921382787
DiMA_TroP_CoI3,1.17367823287758
HA_Py_PtI3,1.17382751145879
TroP_Py_CoI3,1.17399945095464
DiEA_i-BuA_MoI3,1.17401406514515
DiEA_TroP_FeI3,1.17418482258896
PhA_GUA_HfI3,1.17461605862038
FA_TiZ_CuCl3,1.17493351090123
FM_DiEA_HfI3,1.17508081653399
TriMA_Cs_MoI3,1.17520582522572
TetraMA_i-PA_MoBr3,1.17534448088876
TroP_Py_FeI3,1.17587792519117
TetraMA_GUA_WBr3,1.17599774430142
DiEA_Py_CuCl3,1.17600363770233
TriMA_i-BuA_CuCl3,1.17614838118054
3-Py_Py_CuCl3,1.17633607140646
Py_MA_CuCl3,1.17700095593781
Cs_PhA_PtI3,1.17730514164127
TetraMA_i-BuA_AgCl3,1.17733388727582
DiEA_TroP_NiI3,1.17773729823124
i-PA_GUA_PtI3,1.17774392666804
TriMA_AA_WBr3,1.17784299776876
Cs_AA_WI3,1.17808864085789
DiEA_FA_AgCl3,1.17812105293514
EA_TetraMA_CuCl3,1.1781575628256
EA_DiMA_WBr3,1.17818898265862
TriMA_GUA_WBr3,1.17836738520471
FA_TriMA_PtI3,1.17837235790456
3-Py_TetraMA_MoBr3,1.17844992751369
Cs_AA_MoI3,1.17867991112403
i-BuA_TiZ_AgCl3,1.17890747312297
FA_IM_WBr3,1.17891511952587
NH4_DiMA_WI3,1.17895767198265
AA_MA_TeCl3,1.17896150500012
DiMA_GUA_WI3,1.17922219478742
i-PA_GUA_WBr3,1.17962673279834
TriMA_GUA_PtI3,1.17978077005005
FA_i-PA_PtI3,1.17987333584243
EA_GUA_WI3,1.18011966380256
Cs_TiZ_AgCl3,1.18029681339946
FA_DiMA_PtI3,1.18032046957579
Cs_IM_MoI3,1.180625247894
FM_DiMA_PtI3,1.18122754144898
FM_EA_PtI3,1.18122754144898
GUA_MA_WI3,1.18146912420326
Cs_Az_MoI3,1.18161098849621
HY_DiMA_WI3,1.18183372244686
AA_TiZ_WBr3,1.18285330760173
HA_TriMA_PtI3,1.18297263917278
HA_DiMA_WI3,1.18310512151165
DiEA_TiZ_HfI3,1.1831197522567
FA_Py_CuCl3,1.18379761233513
i-BuA_MA_PtI3,1.18426547657884
HA_i-PA_PtI3,1.18441789271676
3-Py_Cs_WI3,1.18461740971828
DiEA_TroP_InI3,1.18502739854309
GUA_MA_PtI3,1.18543104254832
DiMA_GUA_PtI3,1.18559890621448
EA_GUA_PtI3,1.18559890621448
i-PA_DiMA_InI3,1.18578721253601
TriMA_AA_PtI3,1.18598431890883
FM_FA_PtI3,1.1859966730991
EA_FA_PtI3,1.18661439136211
HA_AA_PtI3,1.18666945768282
FA_Az_PtI3,1.18687519459631
3-Py_TroP_PbI3,1.18751195278919
TetraMA_HY_AgCl3,1.18753222159614
HA_HY_PtI3,1.18778146726109
TroP_MA_InI3,1.18780318390645
3-Py_GUA_TeCl3,1.18787605825542
AA_MA_PtI3,1.18823945523308
PhA_i-BuA_HfI3,1.18840870765819
GUA_i-BuA_MoI3,1.18858175165149
FA_TiZ_WBr3,1.188739371069
NH4_TroP_CuCl3,1.18920539966356
AA_Az_HfI3,1.18941967495322
Cs_TroP_MoBr3,1.18964539948921
DiMA_IM_CuCl3,1.19029736490201
EA_IM_CuCl3,1.19029736490201
HA_Cs_MoI3,1.19049673427222
MA_TiZ_PtI3,1.19077002993808
HA_TroP_MoBr3,1.19080082020322
GUA_IM_WBr3,1.19091436354131
i-BuA_Az_MoBr3,1.19099008334233
3-Py_DiMA_PtI3,1.1910704782604
3-Py_EA_PtI3,1.1910704782604
FA_MA_WI3,1.19119560757059
3-Py_i-BuA_AgCl3,1.19122153069876
FA_TetraMA_PtI3,1.19125170986093
NH4_AA_WI3,1.19133763593048
EA_HY_TeCl3,1.19144366746851
GUA_Az_PtI3,1.19154420084407
IM_AA_PtI3,1.19188638834524
FA_Az_TeCl3,1.19205580131346
Az_MA_TeCl3,1.19219885079079
FM_IM_PtI3,1.19231997954594
GUA_Py_MoBr3,1.1923425006276
GUA_Az_TeCl3,1.19241940495339
Py_MA_PtI3,1.19272635848328
HA_Az_PtI3,1.19283431370531
DiMA_TiZ_MoBr3,1.1929642508995
DiEA_MA_CuCl3,1.19300048111197
i-PA_AA_PtI3,1.19307470129553
TroP_Az_PbI3,1.1931074230044
GUA_TiZ_PtI3,1.19400444669598
FM_Py_CuCl3,1.19424607441125
PhA_TroP_InI3,1.19438226712928
AA_TiZ_PtI3,1.19443314860828
i-PA_i-BuA_CuCl3,1.19443900206262
3-Py_IM_CuCl3,1.1951428344165
FM_GUA_PtI3,1.19515974253855
DiMA_AA_SnI3,1.19526343808437
EA_AA_SnI3,1.19526343808437
3-Py_PhA_PdI3,1.19532544026745
i-PA_AA_WBr3,1.19550398679162
FM_GUA_WI3,1.19565608281695
DiMA_AA_PtI3,1.19593568585956
EA_AA_PtI3,1.19593568585956
DiMA_IM_MoBr3,1.19601911832144
EA_IM_MoBr3,1.19601911832144
HA_DiMA_TeCl3,1.19633017785238
HY_PhA_PdI3,1.19674426467276
i-PA_MA_PtI3,1.19753017491527
AA_Az_PtI3,1.19753728307913
HY_IM_PtI3,1.19760966891912
HA_i-BuA_AgCl3,1.19779350292975
TetraMA_TiZ_ZrI3,1.19795958333522
NH4_IM_PtI3,1.19820685923737
3-Py_TiZ_CuCl3,1.19833980190728
FA_Py_MoBr3,1.19872792476094
HY_GUA_WI3,1.19883231610451
Az_TiZ_CuCl3,1.19889373535865
TriMA_MA_PtI3,1.19956701829729
DiEA_TroP_CuCl3,1.19970499938125
HY_TiZ_PtI3,1.1997572207233
Cs_TroP_PtI3,1.19993133111114
FM_TiZ_CuCl3,1.20009890138817
FA_AA_PtI3,1.20027565182513
DiEA_HA_HfI3,1.20038600621508
HA_TiZ_PtI3,1.200429869777
FA_DiMA_TeCl3,1.20045938932927
GUA_AA_PtI3,1.20078860384639
3-Py_TroP_TeCl3,1.20132349217932
FA_TiZ_MoBr3,1.20132572748632
FM_i-BuA_MoI3,1.20224853166378
FA_GUA_PtI3,1.20230964969652
DiEA_HA_WBr3,1.2024416838082
Cs_i-PA_MoI3,1.20307680724489
FA_IM_MoBr3,1.20338631413032
TetraMA_TroP_PbI3,1.20343098585723
TriMA_i-BuA_AgCl3,1.2035410575902
TriMA_TroP_PbI3,1.20395463344287
TriMA_GUA_MoBr3,1.2042161260619
DiEA_TriMA_AgCl3,1.20434665741131
HA_DiMA_PtI3,1.20455203437493
TroP_i-BuA_ZrI3,1.20502523861576
i-BuA_TiZ_MoBr3,1.2051739663055
EA_GUA_MoBr3,1.20533437756218
i-PA_GUA_MoBr3,1.20547547365553
i-PA_Az_PtI3,1.20553743104074
HA_Py_TeCl3,1.20601449695232
PhA_TroP_AgCl3,1.20611560044735
EA_DiMA_PtI3,1.20625786708221
EA_NH4_WI3,1.20645726800759
3-Py_FM_PtI3,1.20662719404878
HA_PhA_ZrI3,1.20679632079149
DiEA_NH4_MoBr3,1.20691262159615
AA_Az_CuCl3,1.20708011228194
HY_Py_CuCl3,1.207311798364
TriMA_Az_PtI3,1.20757427442276
GUA_AA_MoBr3,1.20759435404442
IM_TiZ_MoBr3,1.20782608913395
TriMA_i-PA_PtI3,1.20823755391117
FM_DiEA_MoI3,1.20860197626977
GUA_TiZ_MoBr3,1.20869541209059
PhA_AA_MoBr3,1.20898128891324
NH4_TiZ_PtI3,1.20907201128952
PhA_GUA_MoBr3,1.20915069442595
IM_Py_ZrI3,1.20933673341164
EA_TiZ_MoBr3,1.20941629130837
DiEA_TiZ_MoBr3,1.20943082739701
HA_AA_WI3,1.20944825836973
IM_Az_CuCl3,1.20945282924165
AA_Az_MoBr3,1.20948588637953
DiEA_TroP_CoI3,1.21001479637116
Py_TiZ_ZrI3,1.21047181881855
FA_TetraMA_CuCl3,1.2108037693347
HA_IM_PtI3,1.21109748363915
IM_AA_MoBr3,1.211356675831
IM_MA_PtI3,1.21148173080692
FM_MA_WI3,1.21162133661798
3-Py_AA_CuCl3,1.21162272513557
TetraMA_AA_MoBr3,1.21266736673423
TriMA_DiMA_MoBr3,1.21266736673423
TriMA_NH4_CuCl3,1.21268218766568
DiMA_Az_MoBr3,1.21301427348234
EA_Az_MoBr3,1.21301427348234
TetraMA_PhA_CuI3,1.21314206606565
Az_MA_PtI3,1.21321185161176
FA_IM_PtI3,1.21353382618501
PhA_GUA_ZrI3,1.21355251517198
i-PA_i-BuA_AgCl3,1.21372366873459
TetraMA_i-BuA_MoI3,1.21413148778037
3-Py_i-BuA_MoI3,1.21420528185103
EA_DiMA_MoBr3,1.21430189802082
FA_GUA_WBr3,1.21454652479732
i-PA_AA_MoBr3,1.21458392344358
i-PA_DiMA_MoBr3,1.21458987308411
EA_i-PA_PtI3,1.21496710744995
i-BuA_AA_WBr3,1.21500724600065
TetraMA_GUA_MoBr3,1.2151619369413
EA_HA_WI3,1.21576115769398
FA_PhA_CuBr3,1.21577361092163
TriMA_TiZ_MoBr3,1.21600113955079
DiEA_HA_MoBr3,1.21671723143979
3-Py_DiEA_MoI3,1.21679657992716
TroP_i-BuA_CuCl3,1.21689040984382
FA_TriMA_MoBr3,1.21697003872689
3-Py_Cs_WBr3,1.21719436872279
EA_TetraMA_SnI3,1.21727430173149
3-Py_MA_PtI3,1.21742399615717
DiMA_AA_MoBr3,1.21754497068693
EA_AA_MoBr3,1.21754497068693
3-Py_DiMA_MoBr3,1.21773243456556
3-Py_EA_MoBr3,1.21773243456556
i-BuA_TiZ_CuCl3,1.21775961981098
AA_TiZ_MoBr3,1.21792897575306
i-PA_HY_TeCl3,1.21799604323976
FM_FA_WI3,1.21803672555668
GUA_TroP_ZrI3,1.2180787708342
GUA_IM_MoBr3,1.21830881993021
3-Py_HA_PtI3,1.21836054715515
FA_i-PA_MoBr3,1.21841529227087
HA_TroP_TeCl3,1.21844916136848
TetraMA_MA_CuCl3,1.21854470386027
FM_Py_PtI3,1.21883860971427
FA_Az_WBr3,1.21895546115526
EA_TriMA_MoBr3,1.21947883455268
GUA_TiZ_WBr3,1.21950759257433
GUA_TroP_MoBr3,1.21973352746859
FA_HY_WI3,1.21992962552241
NH4_Py_PtI3,1.2199655922608
HY_IM_TeCl3,1.22005991357267
3-Py_GUA_CuCl3,1.2200671346024
3-Py_HY_PtI3,1.22042400475871
Py_TiZ_HfI3,1.22045199667447
IM_Py_HfI3,1.22082091894372
3-Py_MA_CuCl3,1.22094008383192
HA_i-PA_AgCl3,1.22098666148271
3-Py_TriMA_MoBr3,1.22135119319774
FM_Cs_PtI3,1.22154980257816
EA_TetraMA_PtI3,1.22177099190573
DiMA_Az_PtI3,1.22187742545469
EA_Az_PtI3,1.22193314984859
TetraMA_DiMA_PtI3,1.22206007025429
TriMA_AA_MoBr3,1.22241728928
IM_AA_CuCl3,1.22288333192541
i-PA_TiZ_MoBr3,1.22325124056725
FA_i-BuA_MoI3,1.22367593576073
EA_HY_WI3,1.22369254117948
FA_IM_InBr3,1.22438109710194
Py_MA_MoBr3,1.22509243414744
HA_GUA_WI3,1.2255141595444
FA_Py_PtI3,1.22552273152594
3-Py_IM_MoBr3,1.22633320448297
TriMA_Az_CuCl3,1.2264379503989
HY_Py_TeCl3,1.2266872261958
NH4_i-PA_AgCl3,1.22688090291669
FA_IM_CuCl3,1.22825238009211
FM_Py_WBr3,1.22831084628894
DiMA_TroP_HgBr3,1.22832166820836
EA_TroP_HgBr3,1.22832166820836
TetraMA_PhA_PtI3,1.22852104139254
3-Py_DiMA_CuCl3,1.22884413823081
3-Py_EA_CuCl3,1.22884413823081
FM_HY_WI3,1.22960709991556
GUA_IM_CuCl3,1.23048820617961
TriMA_Py_MoBr3,1.2306171307442
FA_AA_WBr3,1.23066152117421
EA_AA_CuCl3,1.23118904073393
i-PA_PhA_HfI3,1.23121761430912
GUA_i-BuA_CuCl3,1.23134203778943
GUA_Az_WBr3,1.23141491133136
i-PA_Py_MoBr3,1.23187647833783
DiEA_IM_AgCl3,1.23194763267849
3-Py_DiMA_HfI3,1.23206503203751
3-Py_EA_HfI3,1.23309229340725
TriMA_AA_SnI3,1.23318635445485
i-PA_MA_WBr3,1.23325029798857
FA_TriMA_CuCl3,1.23424985629465
NH4_TiZ_CuCl3,1.23426564923235
3-Py_NH4_MoBr3,1.23426907006071
IM_MA_WBr3,1.23488188268585
PhA_i-BuA_MoBr3,1.2349160843544
PhA_i-BuA_PdI3,1.2352429088759
TetraMA_Az_CuCl3,1.23529634948715
i-PA_Az_CuCl3,1.23547599235073
3-Py_IM_ZrI3,1.23552705602195
MA_TiZ_CuCl3,1.23563269358117
NH4_GUA_WI3,1.23564319675189
PhA_TiZ_CuCl3,1.23645868073022
FM_TiZ_PtI3,1.2365148489337
3-Py_FA_WBr3,1.23695690728651
EA_i-PA_MoBr3,1.23732572952588
HA_TiZ_AgCl3,1.23755085609459
NH4_i-BuA_MoI3,1.23757931206552
TriMA_MA_WBr3,1.23764434906187
DiEA_TiZ_CuCl3,1.23832601202387
HY_TiZ_AgCl3,1.23933431824877
3-Py_GUA_WBr3,1.23959858539751
TroP_Py_PbI3,1.23964542984859
TriMA_TroP_CoBr3,1.23967894989862
HY_AA_TeCl3,1.24015389657128
TetraMA_NH4_CuCl3,1.24038188461927
FM_i-PA_CuCl3,1.24059268939215
3-Py_AA_MoBr3,1.24080654851878
PhA_MA_CuCl3,1.24182501367199
i-PA_Az_InI3,1.24194153445927
EA_TriMA_PtI3,1.24269394737831
FM_AA_CuCl3,1.24283739907
DiEA_DiMA_CuCl3,1.24289742632842
FM_NH4_AgCl3,1.2432765669247
i-PA_TroP_CoBr3,1.24344069167069
FA_TiZ_PtI3,1.24353042481364
3-Py_TetraMA_CuCl3,1.24367409231714
TroP_TiZ_ZrI3,1.2437744451731
PhA_GUA_AgCl3,1.24393601155774
TriMA_PhA_ZrI3,1.24403473503418
HA_Az_CuCl3,1.24415694469291
HA_TetraMA_TeCl3,1.24417428650312
DiEA_EA_CuCl3,1.24432449660363
DiMA_IM_PtI3,1.24439479615246
EA_IM_PtI3,1.24439479615246
i-PA_HY_PtI3,1.24512793265021
FM_HA_WI3,1.24660374423013
FM_TriMA_CuCl3,1.24668964076653
TriMA_HY_PtI3,1.24716477603222
HY_i-BuA_MoI3,1.24765439678697
FM_HY_PtI3,1.24780590716058
3-Py_TriMA_CuCl3,1.24791895767637
NH4_MA_AgCl3,1.24816299147024
TroP_TiZ_HgBr3,1.24823555004275
DiMA_GUA_WBr3,1.24863906555705
FM_Az_CuCl3,1.24872880462189
DiMA_MA_MoBr3,1.24877222948408
EA_MA_MoBr3,1.24877222948408
NH4_AA_PtI3,1.2492743983107
TriMA_TroP_ZrBr3,1.2497252015321
FA_TetraMA_WBr3,1.25096839212834
NH4_Py_WBr3,1.25129031183303
HY_Az_CuCl3,1.25150510577718
HY_PhA_ZrI3,1.25207929726491
3-Py_Az_CuCl3,1.25219270069119
HY_DiMA_PtI3,1.25271795384939
i-BuA_MA_MoBr3,1.2529886639036
FA_GUA_MoBr3,1.25306370724518
FA_HA_WI3,1.25324180512866
FA_Az_MoBr3,1.25341317082187
i-PA_TroP_PbI3,1.25357036171796
MA_TiZ_WBr3,1.25358577677221
i-PA_HY_WBr3,1.25366628687852
FA_MA_MoBr3,1.25371244264347
HY_PhA_PtI3,1.25432266108785
i-BuA_AA_MoBr3,1.25435745020744
GUA_AA_CuCl3,1.25437216074735
NH4_TiZ_AgCl3,1.25450992774359
Py_TiZ_SnI3,1.25522559001602
3-Py_FA_PtI3,1.25535322136423
HY_PhA_AgCl3,1.25551966563562
DiEA_NH4_WBr3,1.25578329786026
DiEA_FA_HfI3,1.25607572946499
3-Py_NH4_PtI3,1.25685754178341
HA_i-BuA_MoI3,1.25689479148454
IM_MA_CuCl3,1.25714733394591
FA_MA_WBr3,1.25770253586145
DiMA_Az_CuCl3,1.25774346650819
EA_Az_CuCl3,1.25774346650819
3-Py_i-BuA_PtI3,1.25790741144237
TriMA_HY_WBr3,1.25806033795183
3-Py_HA_WBr3,1.25833668183536
3-Py_i-BuA_CuCl3,1.25850790996768
TetraMA_i-BuA_WBr3,1.25855801097513
DiMA_MA_CuCl3,1.25904748670404
EA_MA_CuCl3,1.25904748670404
FM_IM_CuCl3,1.25926168831883
NH4_Py_AgCl3,1.25950982479235
Cs_TiZ_CuCl3,1.2599385192416
HA_i-BuA_WI3,1.26009134563634
FA_HA_PtI3,1.26108080910162
GUA_Az_CuCl3,1.26113277742136
Az_Py_ZrI3,1.26113475700958
NH4_GUA_PtI3,1.26140360329869
FM_i-BuA_AgCl3,1.26228707428193
EA_PhA_PdI3,1.26263361263928
PhA_MA_AgCl3,1.26271654639644
3-Py_MA_HfI3,1.26281015960563
GUA_Az_MoBr3,1.26322575418715
FA_HY_MoBr3,1.26323415477807
IM_i-BuA_AgCl3,1.26333531661104
GUA_MA_WBr3,1.2641617235315
FA_Az_CuCl3,1.2642889013508
HA_PhA_CuCl3,1.26458678433771
3-Py_IM_HfI3,1.26498349188849
FA_DiMA_WBr3,1.26511060874105
DiEA_TetraMA_MoBr3,1.26530327048026
Cs_AA_AgCl3,1.26540515229433
Az_Py_HfI3,1.26543117839318
FA_NH4_AgCl3,1.2655664853781
3-Py_NH4_WBr3,1.26559240897547
DiEA_TriMA_CuCl3,1.26615910176844
3-Py_DiEA_PtI3,1.26617811178643
TroP_i-BuA_AgCl3,1.26621035188519
NH4_IM_CuCl3,1.26635689850206
Az_MA_WBr3,1.26662766283189
3-Py_FA_TeCl3,1.26680249462235
FM_TetraMA_CuCl3,1.26697080742129
3-Py_HA_MoBr3,1.26728445997377
DiMA_Py_HfI3,1.26756813579225
EA_Py_HfI3,1.26756813579225
FM_FA_CuCl3,1.26768229809903
AA_MA_WBr3,1.26821272072849
IM_MA_MoBr3,1.26933959235245
DiMA_GUA_CuCl3,1.26948670947858
EA_GUA_CuCl3,1.26948670947858
3-Py_GUA_MoBr3,1.26957651472246
HY_TroP_MoBr3,1.26993819437857
TroP_Az_CoBr3,1.27065910611499
3-Py_MA_MoBr3,1.27067211095748
TriMA_GUA_CuCl3,1.27096555046578
Cs_IM_PtI3,1.27106117603919
Cs_TiZ_ZrI3,1.27127128602847
FM_PhA_CuCl3,1.27161628055461
HA_TetraMA_CuCl3,1.27174176365221
FM_Cs_MoBr3,1.27202360240965
DiMA_TroP_CoBr3,1.27215132994208
TroP_MA_AgCl3,1.27261066382058
EA_FA_WBr3,1.27268680880565
PhA_AA_ZrI3,1.27268871772756
i-PA_PhA_PdI3,1.27308042615766
TetraMA_GUA_CuCl3,1.27336926562515
FM_DiMA_CuCl3,1.27357166134284
FM_EA_CuCl3,1.27357166134284
TriMA_DiMA_SnI3,1.27357527949687
TriMA_MA_MoBr3,1.27375726442407
NH4_Az_PtI3,1.27472899985231
EA_NH4_MoBr3,1.27491757571716
HA_Py_CuCl3,1.27493084194505
i-PA_MA_MoBr3,1.2750166120177
HY_IM_CuCl3,1.27517949586718
GUA_MA_MoBr3,1.27544999233856
Az_MA_MoBr3,1.27563965171152
NH4_Py_CuCl3,1.27582965038279
TriMA_PhA_PdI3,1.27583449346483
TriMA_TroP_NiBr3,1.27586455920616
NH4_PhA_HfBr3,1.27593229830256
NH4_i-BuA_WI3,1.27596080464719
3-Py_HY_WBr3,1.27640941675312
TetraMA_NH4_WBr3,1.27657981296285
DiMA_MA_WBr3,1.27667409687752
EA_MA_WBr3,1.27667409687752
HA_IM_CuCl3,1.27679435994772
3-Py_HY_MoBr3,1.27695714976869
TriMA_NH4_MoBr3,1.2770004233296
FM_DiMA_AgCl3,1.27742599311749
FM_EA_AgCl3,1.27742599311749
EA_FA_TeCl3,1.27869025124844
Cs_DiMA_WI3,1.27918604965997
i-PA_TroP_NiBr3,1.27962630097823
i-PA_GUA_CuCl3,1.2800035924176
3-Py_Az_MoBr3,1.28009996751923
GUA_Py_TeCl3,1.28015821801843
TroP_i-BuA_InI3,1.28056218512831
TetraMA_HY_WBr3,1.2806958494724
FM_HA_PtI3,1.28130554970082
3-Py_FA_MoBr3,1.28140257030056
FA_AA_MoBr3,1.28207523237738
TroP_AA_AgCl3,1.282087251723
HA_Az_AgCl3,1.28213746804234
DiMA_MA_TeCl3,1.28276406337532
EA_MA_TeCl3,1.28276406337532
DiEA_PhA_CuI3,1.28302684125793
FA_HY_WBr3,1.28319130208262
TriMA_i-PA_SnI3,1.28361329007472
FA_MA_AgCl3,1.28388776945644
TroP_IM_NiBr3,1.28391068382501
TetraMA_NH4_MoBr3,1.28417525647962
GUA_TiZ_CuCl3,1.28419972219595
IM_Py_SnI3,1.28472182494381
DiMA_GUA_MoBr3,1.28550841750631
FM_GUA_CuCl3,1.28555226381693
TetraMA_HY_CuCl3,1.28586730863881
NH4_PhA_AgCl3,1.28632802281274
FA_MA_PtI3,1.28810849197902
AA_MA_CuCl3,1.28832305348094
DiMA_TroP_HfBr3,1.28859626066807
EA_TroP_HfBr3,1.28859626066807
HY_TroP_TeCl3,1.28867365664225
NH4_MA_PtI3,1.28874415615524
PhA_IM_AgCl3,1.28898506212246
TetraMA_MA_MoBr3,1.28939269467958
HA_TriMA_TeCl3,1.28948270108022
FA_DiMA_MoBr3,1.28955138061989
3-Py_Az_InBr3,1.28987224233895
HY_Py_WBr3,1.28999003758081
DiMA_AA_CuCl3,1.2901482309145
HA_i-PA_TeCl3,1.29070692151456
FA_AA_CuCl3,1.29094163382267
NH4_DiMA_PtI3,1.29111756262589
3-Py_FM_WBr3,1.29115079199299
AA_MA_MoBr3,1.29137121432905
EA_HY_WBr3,1.29182686144335
EA_HA_WBr3,1.29242374493251
HY_MA_PtI3,1.29249048976539
PhA_IM_CuCl3,1.29270499876756
FM_MA_MoBr3,1.29270884464743
MA_TiZ_MoBr3,1.29361223734592
FM_MA_WBr3,1.29415190872332
3-Py_TiZ_HfI3,1.29543232620554
FA_TetraMA_MoBr3,1.29554268363957
EA_FA_MoBr3,1.29584530240622
FM_NH4_MoBr3,1.29656909137855
DiEA_PhA_PdI3,1.29705625273998
DiEA_Cs_PdI3,1.29718309074823
DiEA_i-BuA_CuBr3,1.29818164860795
TriMA_Py_InBr3,1.29835269373531
NH4_i-PA_PtI3,1.29880453447323
AA_Py_HfI3,1.29892492377834
TroP_IM_CoBr3,1.29965861661721
FM_NH4_WI3,1.2999234912562
PhA_Az_HfI3,1.29995800513329
FA_TriMA_InBr3,1.30026167225723
Az_Py_InBr3,1.30094553083982
3-Py_TriMA_InBr3,1.30116269880251
NH4_DiMA_AgCl3,1.30146359324036
DiEA_HA_AgCl3,1.30149115961178
3-Py_AA_SnI3,1.30168832440516
FA_i-PA_InBr3,1.30170692580121
FM_DiEA_PdI3,1.30192306238157
i-PA_IM_HfI3,1.30194473174214
NH4_IM_AgCl3,1.3023886432514
3-Py_i-PA_InBr3,1.30260795234648
FM_i-BuA_PdI3,1.30278773742981
FA_Cs_MoI3,1.30294119684156
DiMA_AA_InBr3,1.30423141345693
EA_AA_InBr3,1.30423141345693
EA_HY_MoBr3,1.3043298900446
DiEA_HY_AgCl3,1.30443887907852
IM_i-BuA_PtI3,1.30469279296172
TriMA_NH4_WBr3,1.30490229072303
3-Py_HA_CuCl3,1.30563771071827
TriMA_IM_HfI3,1.30633878281545
3-Py_PhA_CuCl3,1.30654955989528
NH4_Az_AgCl3,1.30700143226383
3-Py_FM_MoBr3,1.3070789831616
i-PA_PhA_ZrI3,1.3080932470946
FA_i-BuA_HfI3,1.30818502176786
TriMA_HY_MoBr3,1.30831975803496
i-PA_AA_SnI3,1.30835388498917
FM_Cs_InBr3,1.30836318282852
FA_HY_PtI3,1.30861679780251
HY_i-BuA_WI3,1.30874702128815
Cs_NH4_WBr3,1.30897005269819
FA_i-PA_TeCl3,1.30924521813104
FA_TriMA_TeCl3,1.30924521813104
i-PA_HY_MoBr3,1.3095791056286
IM_MA_InBr3,1.30966815081438
TriMA_TroP_FeBr3,1.30991333011049
DiEA_AA_CuCl3,1.31000612112475
DiEA_TetraMA_CuCl3,1.3103628211658
IM_i-BuA_HfI3,1.3104376798518
HA_MA_AgCl3,1.31142248388836
GUA_MA_AgCl3,1.3121411038119
DiMA_MA_PtI3,1.31241399106286
EA_MA_PtI3,1.31241399106286
3-Py_HY_CuCl3,1.31285788464431
DiEA_Cs_MoI3,1.31300954215943
FA_Py_InBr3,1.3133022413217
3-Py_i-PA_SnI3,1.31356510201245
HA_HY_WI3,1.31358921780948
i-PA_TroP_FeBr3,1.31367507188256
HA_Py_WBr3,1.31368760479995
3-Py_GUA_ZrI3,1.31370015586528
FA_TroP_ZrI3,1.31399720744152
EA_DiMA_CuCl3,1.31411258211607
DiMA_Py_SnI3,1.31437133485338
DiEA_i-BuA_PdI3,1.31470397482813
Cs_IM_AgCl3,1.31497312414369
HY_Py_MoBr3,1.31529843666554
EA_Cs_WI3,1.31532272937218
FA_HA_WBr3,1.31537577568481
FA_NH4_WI3,1.31549918052002
HA_Az_WBr3,1.31585832435346
DiMA_Az_InBr3,1.31647842301565
EA_Az_InBr3,1.31647842301565
IM_Az_HfI3,1.31708223299312
AA_TiZ_HfI3,1.31883590930091
FA_DiMA_CuCl3,1.31895322422737
i-PA_MA_CuCl3,1.31910121955994
DiEA_Cs_WI3,1.31958992824735
3-Py_AA_HfI3,1.31986428975339
Az_MA_AgCl3,1.32048709588935
FA_TiZ_InBr3,1.32051949962509
EA_NH4_WBr3,1.32068036885371
TroP_IM_NiI3,1.32068423863302
NH4_HY_MoBr3,1.3213944912994
3-Py_FA_InBr3,1.3215995438124
EA_HA_TeCl3,1.32170210209242
EA_Py_SnI3,1.32189009636635
TetraMA_PhA_PdI3,1.32192280702407
HA_MA_WI3,1.32208777470517
TriMA_MA_CuCl3,1.32221977265492
DiMA_IM_InBr3,1.32231146235763
EA_IM_InBr3,1.32231146235763
FA_Cs_AgCl3,1.32241495100716
DiEA_FA_InI3,1.32286737237123
EA_HY_PtI3,1.32309836580404
Cs_i-BuA_MoI3,1.32323046458774
PhA_AA_AgCl3,1.32325275599498
EA_PhA_AgCl3,1.32361399830562
HA_Az_MoBr3,1.32397426821857
HA_TiZ_WBr3,1.32407457884542
TetraMA_Py_ZrI3,1.32410613333522
NH4_PhA_CuCl3,1.32414897007456
HA_TriMA_CuCl3,1.32431424291292
Cs_GUA_WI3,1.32452423916675
NH4_MA_WI3,1.32488390048132
TetraMA_HY_MoBr3,1.32539297770974
i-PA_Py_InBr3,1.32545900144889
GUA_AA_SnI3,1.32587430903186
Py_MA_SnI3,1.32597571671104
NH4_AA_AgCl3,1.32612225878335
NH4_HY_WI3,1.32662202419777
HY_GUA_MoBr3,1.32675567471917
PhA_i-BuA_CuBr3,1.32747213254448
Az_MA_CuCl3,1.32748292461953
DiMA_AA_TeCl3,1.32778866334788
EA_AA_TeCl3,1.32812507207578
3-Py_GUA_HfI3,1.32819633693133
HA_MA_PtI3,1.32864717295673
FA_TetraMA_InBr3,1.32868767138411
3-Py_TroP_HfI3,1.32874781304107
3-Py_Cs_MoBr3,1.32878125281425
EA_FA_CuCl3,1.32904126529576
DiMA_TiZ_SnI3,1.32918701459966
EA_TiZ_SnI3,1.32918701459966
FA_AA_InBr3,1.32926028012436
FA_DiMA_InBr3,1.32926028012436
HA_AA_TeCl3,1.32998808738239
EA_TriMA_SnI3,1.33013315080676
FM_i-BuA_CuCl3,1.33016746797944
3-Py_TiZ_SnI3,1.33033448346707
DiMA_MA_AgCl3,1.33053846202438
EA_MA_AgCl3,1.33053846202438
EA_NH4_PtI3,1.33060645025233
FM_MA_AgCl3,1.33073554427502
3-Py_DiMA_InBr3,1.33082387653947
3-Py_EA_InBr3,1.33082387653947
HY_MA_AgCl3,1.33082389963176
HY_DiMA_MoBr3,1.33087927604638
PhA_AA_HfI3,1.33089486806741
GUA_TroP_InBr3,1.33127573046473
HY_Az_MoBr3,1.33132242930284
HA_AA_AgCl3,1.33147474514539
HY_AA_AgCl3,1.33147474514539
FA_GUA_TeCl3,1.33269806475178
IM_AA_HfI3,1.33282134745591
Py_MA_InBr3,1.33284449922926
TroP_MA_InBr3,1.33293954298396
TriMA_i-BuA_PdI3,1.33298729965737
HY_i-BuA_CuCl3,1.33318438087658
NH4_GUA_AgCl3,1.33321234913418
3-Py_TroP_CoBr3,1.33442217218988
3-Py_AA_InBr3,1.33550272751752
DiEA_IM_CuCl3,1.33556558988991
3-Py_FM_HfI3,1.33566014307251
TriMA_GUA_InBr3,1.33606352012694
TriMA_IM_InBr3,1.33614068364091
TriMA_NH4_HfI3,1.3362618193633
i-PA_i-BuA_PdI3,1.3364551912524
HY_MA_MoBr3,1.3366802251723
GUA_Az_InBr3,1.33669053892707
DiMA_Py_ZrI3,1.33673004437409
EA_Py_ZrI3,1.33673004437409
PhA_DiMA_ZrI3,1.33706464440683
TriMA_TroP_HgBr3,1.33711687482807
TetraMA_NH4_SnI3,1.3373670157268
FM_HA_MoBr3,1.33753322365932
3-Py_NH4_AgCl3,1.3375633913562
FM_TriMA_HfI3,1.33762217293435
TroP_AA_InI3,1.33779458688937
HA_Py_MoBr3,1.33801961694625
i-PA_GUA_HfI3,1.33819436203148
FA_TriMA_HfI3,1.33874833188816
HA_TriMA_WBr3,1.33885612386682
TriMA_GUA_SnI3,1.33887571199396
PhA_Az_ZrI3,1.33899865889473
TriMA_TiZ_HfI3,1.33924264992832
EA_HA_MoBr3,1.33944888245886
HA_GUA_AgCl3,1.33955463666685
DiMA_AA_HfI3,1.33956029934235
EA_AA_HfI3,1.33956029934235
GUA_TiZ_SnI3,1.3397696314713
HA_HY_MoBr3,1.33983010298529
TetraMA_i-BuA_PtI3,1.33984812021709
HY_Az_TeCl3,1.34006803153851
FA_i-PA_HfI3,1.34019358543213
DiEA_GUA_InI3,1.34020996416741
FM_AA_WBr3,1.34027300803581
FM_DiMA_WBr3,1.34027300803581
FM_EA_WBr3,1.34027300803581
HA_i-PA_WBr3,1.34030137741079
HY_GUA_AgCl3,1.34055972105081
IM_MA_TeCl3,1.34073270838522
HA_Cs_WI3,1.34141098391551
AA_Az_InBr3,1.34153551582205
TriMA_AA_InBr3,1.34199704932107
FM_HY_MoBr3,1.34202801186179
FM_Az_WBr3,1.34221992084137
Cs_DiMA_AgCl3,1.34255628000442
TriMA_TroP_HfI3,1.34269203190997
EA_i-PA_SnI3,1.34281031392755
EA_i-BuA_PdI3,1.34293385894651
FA_HA_MoBr3,1.3431839046957
FM_Az_MoBr3,1.34318424978614
AA_MA_InBr3,1.34321700549815
DiMA_GUA_InBr3,1.34321700549815
EA_FA_InBr3,1.34321700549815
EA_GUA_InBr3,1.34321700549815
HA_TiZ_MoBr3,1.34324984916715
3-Py_TroP_HgBr3,1.34331728450568
FM_TetraMA_WBr3,1.34359560855676
TetraMA_GUA_SnI3,1.34374681185039
TetraMA_TroP_HfI3,1.34381351657913
HA_TetraMA_WBr3,1.34391708999781
TroP_IM_HgBr3,1.34395411782241
FA_Cs_SnI3,1.34411921565799
DiMA_Py_InBr3,1.34456845075627
EA_Py_InBr3,1.34456845075627
TriMA_GUA_HfI3,1.34461311874688
FA_HY_AgCl3,1.34470147437004
HY_TiZ_WBr3,1.34489931378049
HA_HY_WBr3,1.34503654290209
3-Py_DiEA_CuBr3,1.3451242924161
Py_TiZ_InBr3,1.34532497507383
3-Py_FM_ZrI3,1.34538120055921
HY_DiMA_AgCl3,1.34542448907738
DiEA_HY_CuCl3,1.34598545793441
HY_AA_MoBr3,1.34610174033998
HY_AA_WBr3,1.34638875313415
FM_TriMA_WBr3,1.34658872146899
DiEA_NH4_CuCl3,1.34709973225321
TriMA_TiZ_InBr3,1.34775511118889
IM_Az_InBr3,1.34811466254538
HY_GUA_WBr3,1.34817056512475
FM_AA_MoBr3,1.34826096474268
FM_i-PA_WBr3,1.34826186163491
FM_DiMA_MoBr3,1.34838895190092
FM_EA_MoBr3,1.34838895190092
i-BuA_Py_InI3,1.34861835982703
3-Py_TriMA_SnI3,1.34874652762626
TroP_Az_NiBr3,1.34886857616507
TetraMA_GUA_TeCl3,1.34897528531845
FM_PhA_HfBr3,1.34908838805956
DiMA_TiZ_InBr3,1.3496937881066
EA_TiZ_InBr3,1.3496937881066
i-PA_TroP_HfI3,1.34974996465769
TroP_IM_CoI3,1.34982005191494
HY_MA_WI3,1.34987976659092
HA_IM_WBr3,1.35019021904433
FM_TetraMA_MoBr3,1.35021690390901
FA_HA_AgCl3,1.35041672328156
FA_TroP_SnI3,1.35046593211014
PhA_DiMA_HfI3,1.35055988389919
FA_NH4_MoBr3,1.3506415781752
DiEA_IM_InI3,1.35080389958114
MA_TiZ_InBr3,1.35193066492458
HY_Az_WBr3,1.35219013890864
HA_DiMA_WBr3,1.35255938725755
HY_DiMA_WBr3,1.35255938725755
HY_MA_TeCl3,1.35338576261419
Cs_PhA_ZrI3,1.35358358987173
PhA_AA_CuCl3,1.35373711962917
GUA_IM_InBr3,1.35436659285962
TriMA_MA_InBr3,1.35463689651428
DiMA_MA_HfI3,1.35556619946769
i-PA_TroP_HgBr3,1.35571178860133
FM_HA_AgCl3,1.35598121274765
FA_TiZ_TeCl3,1.35603477814092
FM_GUA_WBr3,1.35609807512778
FM_NH4_PtI3,1.35665557067215
FA_Cs_WI3,1.35671554814149
3-Py_PhA_AgCl3,1.35701350691047
Cs_NH4_MoBr3,1.35721341200242
HA_DiMA_AgCl3,1.35782931329587
HA_i-BuA_CuCl3,1.35792695032715
GUA_Py_HfI3,1.35801152713693
DiMA_i-BuA_InI3,1.3584337896857
DiMA_IM_TeCl3,1.35864209173042
EA_IM_TeCl3,1.35864209173042
NH4_AA_MoBr3,1.35891728535742
DiEA_HA_CuCl3,1.35901057920662
FA_Py_SnI3,1.35925543522736
EA_MA_HfI3,1.35973052579916
FA_NH4_WBr3,1.35982190437251
GUA_Py_SnI3,1.36029966711387
HY_TroP_ZrI3,1.36062614507545
TroP_i-BuA_MoBr3,1.36069207223614
HA_AA_WBr3,1.36085752925523
TriMA_PhA_CuBr3,1.36095650735222
3-Py_Az_TeCl3,1.36119478049939
IM_Py_InBr3,1.36122215023228
FA_TiZ_SnI3,1.3615058882817
Az_TiZ_InBr3,1.36151775378304
FM_TriMA_MoBr3,1.3617278416513
FA_TetraMA_TeCl3,1.36211405638494
Cs_Py_WBr3,1.36224152563372
FM_FA_AgCl3,1.36241154559735
TetraMA_Cs_PtI3,1.36267792064607
HY_TiZ_TeCl3,1.36283074582226
i-PA_GUA_InBr3,1.36316982784052
i-PA_IM_InBr3,1.36324699135449
HA_NH4_MoBr3,1.36336935371327
HY_DiMA_CuCl3,1.36337913088473
FM_i-PA_MoBr3,1.36340098181722
FA_AA_TeCl3,1.36364613676241
TetraMA_PhA_CuBr3,1.36405749963759
HY_TiZ_MoBr3,1.36407458410221
HY_TroP_HfI3,1.36452784336865
DiEA_HA_InI3,1.36453699368856
GUA_TroP_HfI3,1.36461975926628
FM_HY_AgCl3,1.36523545240618
Cs_MA_AgCl3,1.36535337451887
HA_NH4_WI3,1.36549976754646
TriMA_DiMA_InBr3,1.36572464102373
Cs_i-BuA_WI3,1.36584799558467
HA_GUA_MoBr3,1.36587105412989
Cs_GUA_AgCl3,1.36588628346814
IM_i-BuA_ZrI3,1.36611205513403
EA_DiMA_InBr3,1.36618535613043
AA_TiZ_SnI3,1.36668823165428
HA_i-BuA_PdI3,1.36687045376846
EA_GUA_TeCl3,1.36774322560801
HA_NH4_WBr3,1.36826006892383
FA_NH4_PtI3,1.36835670527448
FM_TroP_InBr3,1.3687898524592
AA_Az_TeCl3,1.36885726482938
HA_MA_MoBr3,1.36888725723978
i-PA_AA_InBr3,1.36910335703465
HA_TriMA_MoBr3,1.36911095396283
HA_IM_MoBr3,1.36936548936605
AA_Py_InBr3,1.36951752033885
3-Py_Cs_PtI3,1.36979743518587
HY_i-BuA_PdI3,1.37018802012876
PhA_TroP_SnI3,1.37023703702081
HA_i-PA_MoBr3,1.37055620750681
AA_Py_SnI3,1.37079110231811
EA_TroP_CoBr3,1.37232181034006
NH4_GUA_MoBr3,1.37245958299408
3-Py_NH4_HfI3,1.37301608329543
PhA_MA_ZrBr3,1.37320547885652
FM_i-PA_HfI3,1.37327340406092
3-Py_TiZ_PbI3,1.37342475783142
EA_TriMA_InBr3,1.37364856115158
FM_HY_WBr3,1.37373530059671
NH4_MA_MoBr3,1.37388955137233
HY_IM_WBr3,1.37425914214093
TroP_AA_ZrI3,1.37455466521399
TetraMA_TroP_CoBr3,1.37458070862275
HA_TiZ_TeCl3,1.37462332715122
i-PA_TiZ_InBr3,1.37486141890247
FM_Py_MoBr3,1.37493754641631
EA_i-PA_InBr3,1.37509381469555
FM_HA_WBr3,1.37519124233362
3-Py_FA_ZrI3,1.37528720614706
3-Py_DiMA_TeCl3,1.37542842202184
FM_IM_MoBr3,1.37555469500313
FM_TiZ_MoBr3,1.37588705021922
TroP_Az_HfI3,1.3760404238664
TroP_MA_ZrBr3,1.37699788482735
TroP_Az_FeBr3,1.37736422903413
i-BuA_Py_ZrI3,1.37754875749733
3-Py_EA_TeCl3,1.37765931186857
FM_TetraMA_TeCl3,1.37770635268637
HA_GUA_WBr3,1.37784097881533
HA_AA_MoBr3,1.37804361113056
NH4_DiMA_MoBr3,1.37834910631446
TriMA_Py_SnI3,1.37858296833594
NH4_AA_WBr3,1.3786112770323
FA_TroP_InBr3,1.37919631193321
Cs_TiZ_HfI3,1.37968425234001
TriMA_i-BuA_WBr3,1.37997585709748
Cs_Az_AgCl3,1.38009659606032
i-PA_HY_CuCl3,1.38016648138863
3-Py_AA_TeCl3,1.38032308089225
GUA_AA_TeCl3,1.3806384157483
EA_TroP_NiI3,1.38071758185188
Cs_i-PA_AgCl3,1.38117751924679
NH4_IM_MoBr3,1.38131556398083
Py_TiZ_ZrBr3,1.38155942800115
NH4_TiZ_MoBr3,1.38157358876571
NH4_i-PA_MoBr3,1.3816315213216
HA_TetraMA_MoBr3,1.38185956601214
FM_FA_MoBr3,1.38205341482154
PhA_DiMA_AgCl3,1.38234468480379
TriMA_HY_CuCl3,1.3832850344836
3-Py_IM_ZrBr3,1.38333356845617
Cs_HY_WI3,1.38366177635953
3-Py_Py_InBr3,1.38418618919494
NH4_HY_WBr3,1.38441401045078
FM_IM_WBr3,1.38457688112051
NH4_Py_MoBr3,1.3847268963466
TetraMA_IM_TeCl3,1.38474567696667
3-Py_Cs_AgCl3,1.38509131152308
NH4_Az_MoBr3,1.38510265676869
3-Py_TroP_NiBr3,1.38532947088911
FA_IM_TeCl3,1.38545109669499
MA_TiZ_TeCl3,1.38612153373
DiEA_TroP_SnI3,1.3865774143597
DiMA_TroP_NiI3,1.38693954075408
DiMA_GUA_TeCl3,1.38697747080925
TroP_MA_ZrI3,1.38770726372375
i-PA_i-BuA_WBr3,1.38776802311495
TroP_Az_HgBr3,1.3880172915426
HA_DiMA_MoBr3,1.38820244986798
3-Py_PhA_CuBr3,1.38849020458644
Az_TiZ_SnI3,1.38876339216595
HY_MA_WBr3,1.38901533668448
Az_Py_ZrBr3,1.38923439674488
FM_TiZ_WBr3,1.38987495716297
HY_DiMA_TeCl3,1.39041213479005
TroP_AA_SnI3,1.39081711522241
IM_i-BuA_PdI3,1.39106201117564
TriMA_Az_InBr3,1.39108418822897
FM_GUA_MoBr3,1.39139663860055
DiEA_Py_InI3,1.39139736615347
HA_IM_TeCl3,1.39186467174646
EA_TetraMA_InBr3,1.39208468410269
FM_NH4_WBr3,1.3922970233566
3-Py_TetraMA_InBr3,1.39246453589504
Cs_Py_PtI3,1.39260418576252
i-PA_GUA_SnI3,1.39335235110682
GUA_AA_InBr3,1.39352754188995
EA_NH4_TeCl3,1.39390132525212
i-BuA_MA_InI3,1.39500341514072
3-Py_DiEA_CuCl3,1.39509272044349
EA_TroP_FeI3,1.3951177171041
i-PA_DiMA_SnI3,1.39515272820954
PhA_IM_ZrI3,1.39520130364276
FM_DiEA_PtI3,1.39524164559709
EA_Cs_AgCl3,1.39526237198041
DiMA_TroP_FeI3,1.39567851623265
3-Py_Py_ZrI3,1.39577766446757
i-PA_PhA_CuBr3,1.39581523919529
3-Py_DiEA_AgCl3,1.39629386642704
TetraMA_TroP_HgBr3,1.39696939457652
DiEA_i-BuA_CuCl3,1.39720434406859
HA_Cs_WBr3,1.39751401533426
IM_TiZ_InBr3,1.39762486970464
GUA_TiZ_InBr3,1.39782312788231
IM_AA_ZrI3,1.3980369158914
FM_Py_TeCl3,1.39803994294007
HY_IM_MoBr3,1.39857186447214
3-Py_TiZ_ZrI3,1.39885158945064
3-Py_FA_HfI3,1.39923294756008
3-Py_AA_ZrI3,1.39960407967883
Py_MA_HfI3,1.39962908582682
FM_TroP_ZrBr3,1.39978144692195
NH4_GUA_WBr3,1.3998142784559
TriMA_i-PA_InBr3,1.40033749896456
NH4_MA_WBr3,1.40038535886529
EA_NH4_AgCl3,1.40130728073099
3-Py_Py_SnI3,1.40156609379693
Cs_AA_PtI3,1.4017257601354
FM_i-BuA_PtI3,1.40177403074376
GUA_i-BuA_PtI3,1.40178036250862
EA_HA_AgCl3,1.40202643219032
FA_GUA_InBr3,1.40257010295053
TroP_AA_CuCl3,1.40273301940503
HA_TroP_ZrI3,1.40313400341461
Cs_Az_PtI3,1.40371026005441
HA_TroP_InBr3,1.40414314652105
TroP_AA_HfI3,1.40450531198455
3-Py_HY_TeCl3,1.40457212708263
i-PA_TiZ_ZrI3,1.40463123207476
NH4_Az_WBr3,1.4047479054756
PhA_TroP_ZrI3,1.4058451473108
AA_TiZ_ZrI3,1.40598692184879
Cs_GUA_PtI3,1.40655474643304
GUA_IM_TeCl3,1.4068212202207
TroP_Py_GaI3,1.40700485950939
i-PA_DiMA_InBr3,1.40717025770665
HA_DiMA_CuCl3,1.40717859538378
Cs_Py_AgCl3,1.40780894407474
Az_Py_TeCl3,1.40789195621062
NH4_i-BuA_PtI3,1.40798576981084
i-PA_MA_InBr3,1.40815389388066
HA_i-BuA_PtI3,1.40829692835268
GUA_MA_CuCl3,1.408557763189
3-Py_HY_HfI3,1.40868418591882
IM_AA_InBr3,1.4087542174684
TetraMA_Py_HfI3,1.4087977739714
NH4_Py_TeCl3,1.40888566144797
TriMA_TiZ_ZrI3,1.40902528314807
TriMA_i-BuA_PtI3,1.41031776352898
TriMA_HY_InBr3,1.41108737022267
HA_TroP_HfI3,1.41136956432082
PhA_TiZ_InI3,1.41172576004538
i-BuA_TiZ_InI3,1.41227310349155
i-BuA_AA_InI3,1.41318952384289
HY_i-BuA_PtI3,1.41343723944685
NH4_TroP_TeCl3,1.41360511834768
AA_TiZ_InBr3,1.41362785409762
i-PA_i-BuA_PtI3,1.41378565512401
Cs_NH4_PtI3,1.41511417963604
HY_AA_CuCl3,1.41523084220441
Az_Py_SnI3,1.41531628111456
DiMA_IM_HfI3,1.41645069333809
IM_MA_HfI3,1.41669644154811
NH4_i-PA_WBr3,1.4173944666572
TetraMA_AA_SnI3,1.41741637373571
HY_GUA_CuCl3,1.41743306884449
i-PA_Py_SnI3,1.41749780158706
TroP_TiZ_NiI3,1.41810574583535
FM_FA_WBr3,1.41827408666309
EA_HY_AgCl3,1.41833017336655
TetraMA_TiZ_SnI3,1.41874984914586
Cs_DiMA_PtI3,1.41953154771987
PhA_Py_InI3,1.41966757795907
3-Py_TiZ_ZrBr3,1.41983089495401
FA_TroP_HfI3,1.42023083727633
3-Py_FM_TeCl3,1.42030731132116
IM_Az_TeCl3,1.42033035583251
HY_TroP_ZrBr3,1.42038919880071
3-Py_GUA_InBr3,1.42046411277476
DiMA_TiZ_HfI3,1.42079658652229
EA_TiZ_HfI3,1.42079658652229
TriMA_NH4_AgCl3,1.42115834348855
Cs_i-PA_PtI3,1.42135412314044
DiEA_AA_InI3,1.42152833272249
GUA_Py_InBr3,1.42216175383602
EA_IM_HfI3,1.42396945485106
FA_GUA_CuCl3,1.42408745490346
DiMA_Py_HfBr3,1.42493939917162
EA_Py_HfBr3,1.42493939917162
PhA_TroP_HfI3,1.4255200055908
IM_AA_TeCl3,1.42552456736435
Py_MA_TeCl3,1.42560945241934
TriMA_TiZ_SnI3,1.42567813719823
HA_MA_WBr3,1.42576561149519
TroP_TiZ_PbI3,1.42613578216417
PhA_DiMA_CuCl3,1.42624651714665
i-PA_GUA_TeCl3,1.42636346506417
FM_TriMA_TeCl3,1.42663889554769
NH4_IM_WBr3,1.42672617352535
3-Py_DiEA_WBr3,1.42687523383655
3-Py_IM_HfBr3,1.42732384999444
GUA_Py_ZrI3,1.42753090583692
3-Py_HA_ZrI3,1.42764142438724
i-PA_IM_ZrI3,1.42792986220369
3-Py_Py_HfI3,1.42795165218782
TroP_AA_InBr3,1.42847945180111
FA_TroP_ZrBr3,1.42861799584104
3-Py_IM_InBr3,1.42903873943039
3-Py_TroP_FeBr3,1.42970550005944
Cs_TiZ_NiI3,1.42982143274619
FM_i-PA_TeCl3,1.43017581466323
3-Py_TiZ_InBr3,1.43022607734179
i-PA_Az_InBr3,1.43081092356717
Az_TiZ_HfI3,1.43108582746607
FM_DiEA_AgCl3,1.43116781096726
NH4_TiZ_WBr3,1.43122244358046
i-PA_IM_SnI3,1.43170645406257
FA_Py_ZrI3,1.43207295159998
TriMA_IM_ZrI3,1.432323913277
GUA_i-BuA_PdI3,1.4329457780577
Cs_HY_WBr3,1.43301992809013
3-Py_HA_HfI3,1.43370004375198
Py_MA_ZrI3,1.43410537733307
Py_TiZ_HfBr3,1.43525916183371
DiEA_NH4_HfI3,1.43538642097782
GUA_MA_TeCl3,1.43549189490684
3-Py_TiZ_HfBr3,1.43590125731786
DiMA_Az_TeCl3,1.43653222590191
EA_Az_TeCl3,1.43653222590191
DiEA_MA_InI3,1.43657212910179
Cs_DiMA_MoBr3,1.43669207791899
TroP_IM_PbI3,1.4370476835412
DiEA_HY_InI3,1.43711337814644
DiEA_HA_SnI3,1.43745774950256
TriMA_AA_TeCl3,1.43755685549096
NH4_DiMA_WBr3,1.43755986414378
NH4_Py_HfI3,1.43842776659103
HY_TroP_InBr3,1.43860434058472
DiEA_Py_ZrI3,1.43881566907175
FA_NH4_TeCl3,1.43909786522863
3-Py_HY_ZrI3,1.43964853372461
TroP_MA_CuCl3,1.44042043728703
DiMA_TiZ_ZrI3,1.44076879474866
EA_TiZ_ZrI3,1.44076879474866
FA_MA_TeCl3,1.44098278009534
FM_Az_TeCl3,1.44119647411229
3-Py_i-BuA_PdI3,1.44122561935862
Cs_NH4_AgCl3,1.4414408694347
EA_HY_CuCl3,1.4417832200581
PhA_Py_CoI3,1.44188049221685
FA_TroP_NiI3,1.44214674107291
TroP_Py_HgBr3,1.44277233243958
EA_TroP_PtCl3,1.44289001459763
HY_TiZ_InBr3,1.44292196032507
IM_MA_ZrI3,1.44318161209783
HY_PhA_CuCl3,1.4431854699722
3-Py_DiEA_PdI3,1.44359618846254
Cs_IM_MoBr3,1.44363085738141
EA_Cs_MoBr3,1.44544515501085
TriMA_GUA_TeCl3,1.44689831987324
TroP_IM_HfBr3,1.44737184476981
DiEA_EA_SnI3,1.44752460944726
AA_Py_ZrI3,1.44782232717437
TetraMA_TroP_ZrBr3,1.44824525639065
HA_TriMA_InBr3,1.44836873791905
DiEA_EA_InI3,1.44839549418074
DiEA_FA_SnI3,1.44938640407319
HA_Cs_MoBr3,1.44953751414981
HA_i-PA_InBr3,1.44981399146302
PhA_Py_InBr3,1.44990055215362
PhA_IM_HfI3,1.45002566267295
DiEA_Cs_InI3,1.45086237161194
i-BuA_Az_SnI3,1.45223101832538
FA_Cs_PtI3,1.45232008546019
NH4_Py_ZrI3,1.45264642764443
HA_GUA_CuCl3,1.45336019882051
DiEA_TroP_ZrI3,1.45397586409294
DiEA_Py_HfI3,1.45404540943256
Cs_MA_PtI3,1.4544622226117
Cs_i-BuA_PtI3,1.4544834910528
FM_PhA_ZrBr3,1.45468709617538
DiEA_TiZ_InI3,1.45505210981799
TroP_Py_ZrBr3,1.45548627089082
FA_TroP_CoI3,1.45610507362918
Cs_IM_WBr3,1.45612200338572
DiEA_DiMA_SnI3,1.45730764149831
DiMA_IM_ZrI3,1.45759586993945
FA_Py_HfI3,1.45768461420274
DiEA_DiMA_InI3,1.45817852623179
PhA_Py_HgBr3,1.45821403603942
NH4_TroP_InBr3,1.45850650097163
HA_AA_CuCl3,1.45881619094084
HY_Py_InBr3,1.46057310975628
DiEA_TroP_CoBr3,1.46058224218372
TriMA_PhA_MoBr3,1.46068397768661
EA_HA_CuCl3,1.46097649587348
TroP_MA_HfI3,1.46130810734707
TroP_Py_CoBr3,1.46202334036743
EA_Cs_PtI3,1.46214260279585
3-Py_IM_TeCl3,1.46222098676421
i-BuA_Py_HfI3,1.46224039813351
GUA_TroP_SnI3,1.46247847220375
i-PA_HY_InBr3,1.46257966194696
i-PA_TiZ_SnI3,1.46292781104069
HA_TiZ_InBr3,1.46331673893862
TetraMA_TroP_HfBr3,1.46365557782036
DiMA_i-BuA_WBr3,1.46472172941478
EA_i-BuA_WBr3,1.46472172941478
Az_TiZ_TeCl3,1.46497214016085
EA_IM_ZrI3,1.46511463145242
TriMA_HY_HfI3,1.46545364072669
GUA_TroP_ZrBr3,1.46559979423463
NH4_DiMA_TeCl3,1.46582191078875
IM_Az_ZrI3,1.46597963638914
i-PA_PhA_MoBr3,1.46774191043433
TetraMA_PhA_ZrI3,1.46794168844548
NH4_i-BuA_HfI3,1.46822775626727
FM_i-BuA_TeCl3,1.46873621254659
IM_TiZ_HfI3,1.46890581407751
3-Py_TroP_HfBr3,1.46901675245103
TroP_i-BuA_FeI3,1.46959854118446
TriMA_Cs_WBr3,1.4697973073383
NH4_Az_TeCl3,1.47000819338125
3-Py_i-BuA_ZrI3,1.47020632483031
DiEA_TroP_HfI3,1.4706553444535
3-Py_DiEA_ZrI3,1.47088671990005
Cs_Az_WBr3,1.47142368028799
DiEA_TroP_InBr3,1.47172474563976
i-BuA_MA_SnI3,1.47190971529676
TetraMA_TiZ_PbI3,1.47304929428402
Cs_Py_ZrI3,1.47315457211961
EA_TroP_TeCl3,1.47322820684143
PhA_TroP_HgBr3,1.47333249403451
i-PA_HY_HfI3,1.47360912452201
Cs_Az_MoBr3,1.47367602965907
HA_TetraMA_InBr3,1.47383250978101
FM_IM_TeCl3,1.47474361588243
PhA_Py_ZrI3,1.47493327440885
FM_DiMA_TeCl3,1.47503039715909
TetraMA_Cs_MoBr3,1.47617118815296
NH4_i-PA_HfI3,1.47662114219473
TriMA_Cs_AgCl3,1.47692215158684
3-Py_MA_TeCl3,1.47736093922462
Cs_AA_MoBr3,1.47752871029441
TetraMA_Py_SnI3,1.47814147883127
Cs_GUA_MoBr3,1.47827225384491
FM_EA_TeCl3,1.47918029869614
TroP_Py_FeBr3,1.48000500084715
Cs_HY_MoBr3,1.48001756542707
TroP_TiZ_CoBr3,1.48003578870065
FA_TroP_PbI3,1.48109899923505
EA_PhA_CuCl3,1.48208466223199
PhA_MA_InI3,1.48263547103635
TriMA_NH4_TeCl3,1.48269852352931
IM_TiZ_ZrI3,1.48324127988242
HA_Az_TeCl3,1.48355026416272
FA_i-BuA_PtI3,1.48459410037757
TriMA_TiZ_PbI3,1.48475093330024
TriMA_Cs_MoBr3,1.48496081945226
GUA_IM_HfI3,1.48502761417813
Cs_AA_WBr3,1.48513644123256
TetraMA_TroP_NiBr3,1.48580766783111
NH4_i-BuA_CuCl3,1.48592851314859
PhA_GUA_InI3,1.48674282661997
Cs_Py_MoBr3,1.48690059695485
DiMA_TiZ_PbI3,1.48691933836154
EA_TiZ_PbI3,1.48691933836154
TroP_TiZ_HfBr3,1.48704496111878
TriMA_Cs_PtI3,1.48792420663547
FM_Py_InBr3,1.48935816534214
HA_Py_InBr3,1.48947533654669
AA_MA_HfI3,1.48965158824765
FM_Py_HfI3,1.49094799708633
Cs_i-PA_WBr3,1.4910031656469
HY_AA_InBr3,1.49372438852185
TriMA_TroP_GaI3,1.49432478337529
FM_TiZ_InBr3,1.49462907916627
NH4_TroP_NiI3,1.49463807313616
i-BuA_Az_InI3,1.49466933813063
TriMA_MA_HfI3,1.49488980322261
DiMA_TroP_PbI3,1.49542284691592
EA_TroP_PbI3,1.49542284691592
Cs_TiZ_FeI3,1.49579121295788
Az_TiZ_ZrI3,1.49620895685119
FM_AA_TeCl3,1.49664120117443
FM_Py_ZrI3,1.49695158320936
DiEA_PhA_WBr3,1.49718788554811
DiEA_Az_SnI3,1.49728808351431
TetraMA_i-BuA_PdI3,1.49740160843603
Cs_i-PA_MoBr3,1.4979233087209
TetraMA_HY_TeCl3,1.49840951004279
HA_AA_InBr3,1.49954177516516
IM_Py_HfBr3,1.50052141320731
MA_TiZ_HfI3,1.50089359993632
i-PA_Py_HfBr3,1.50091278030881
MA_TiZ_ZrI3,1.5009390553843
TroP_AA_PbI3,1.50140742864449
Cs_TroP_InBr3,1.50144103470033
FM_TroP_NiI3,1.50152392090575
HY_GUA_TeCl3,1.50166901922686
TetraMA_Cs_WBr3,1.50225634771413
HA_PhA_WBr3,1.50245560468078
TroP_MA_TeCl3,1.50253130593398
PhA_TroP_CoBr3,1.5029951025908
GUA_Az_HfI3,1.50397923560471
3-Py_NH4_ZrI3,1.50464989461874
HY_i-BuA_HfI3,1.506092695324
IM_i-BuA_WBr3,1.50637915734399
FA_TetraMA_HfI3,1.50642105195373
TriMA_Py_HfBr3,1.50733153702421
GUA_TroP_HfBr3,1.50779789682682
i-PA_AA_HfI3,1.50796392106775
DiEA_TroP_PbI3,1.5084456943884
HA_MA_TeCl3,1.50888233154013
TetraMA_Cs_AgCl3,1.50910489261294
HY_Py_HfI3,1.50964950157181
PhA_DiMA_InI3,1.50992850114671
DiEA_IM_HfI3,1.51005236089845
FM_Az_ZrI3,1.51021303294707
FA_PhA_WBr3,1.51022010032086
Az_Py_HfBr3,1.51057722640882
TetraMA_TroP_GaI3,1.51062427218121
TetraMA_NH4_HfI3,1.51098016006126
3-Py_TiZ_TeCl3,1.51141973109129
TetraMA_Py_PbI3,1.51143394969528
TriMA_AA_HfI3,1.51235797214106
3-Py_Cs_HfI3,1.5124871255101
DiMA_GUA_HfI3,1.51399504653347
EA_GUA_HfI3,1.51399504653347
3-Py_i-BuA_MoBr3,1.51499778593306
PhA_AA_InI3,1.5154129581931
PhA_TiZ_ZrI3,1.51542026467712
Py_TiZ_PbI3,1.51587474793328
Cs_TiZ_CoI3,1.51617653998067
EA_i-BuA_PtI3,1.51633291066747
FA_Az_HfI3,1.51687481416187
DiEA_MA_SnI3,1.51696678048568
GUA_Az_ZrI3,1.51728157896702
DiEA_TroP_NiBr3,1.51779677222742
3-Py_Cs_ZrI3,1.51881951549893
DiEA_HY_SnI3,1.51884514337708
3-Py_Py_CoI3,1.51892527811219
3-Py_Py_PbI3,1.52080927996375
Cs_PhA_HfBr3,1.52105123580041
3-Py_i-PA_TeCl3,1.52224977415606
PhA_MA_HfBr3,1.52234303800189
3-Py_Py_HfBr3,1.52238648273264
HY_Py_ZrI3,1.52256195948964
i-PA_TroP_GaI3,1.52399297985034
TroP_TiZ_GaI3,1.5240267196401
EA_PhA_WBr3,1.52407659023845
PhA_Az_InI3,1.52430425559544
FM_PhA_TeCl3,1.52557507223903
i-PA_MA_HfI3,1.5259887338703
FM_FA_TeCl3,1.52616857570118
NH4_Az_HfI3,1.52626670668644
Cs_GUA_WBr3,1.52691016348181
HA_HY_TeCl3,1.52747971080885
TroP_IM_GaI3,1.52759347898934
TetraMA_TroP_FeBr3,1.52762010959384
DiEA_Cs_PtI3,1.52843086933878
GUA_TiZ_ZrI3,1.5288304644884
AA_MA_ZrI3,1.52888476279308
GUA_TiZ_HfI3,1.53055667768395
TroP_MA_CoI3,1.53114361302141
i-BuA_Py_InBr3,1.53306210949234
FM_Az_HfI3,1.53322938956568
EA_FA_HfI3,1.53339522391774
TetraMA_Py_ZrBr3,1.53344513266676
HY_TiZ_CuCl3,1.53356715978266
TroP_Az_HfBr3,1.53379430384384
3-Py_TroP_GaBr3,1.53631002351546
TroP_MA_NiI3,1.53696301632053
i-BuA_MA_InBr3,1.53718991490266
FM_IM_ZrI3,1.53737619432049
FM_TiZ_ZrI3,1.53770882548398
FM_DiEA_CuCl3,1.53855498955746
PhA_TroP_FeBr3,1.54033014656552
DiEA_Az_InI3,1.54042499822492
HA_HY_AgCl3,1.54064714645523
NH4_HY_AgCl3,1.54131148995554
TroP_MA_FeI3,1.54185841182223
i-PA_TroP_HfBr3,1.54233364516337
HA_i-PA_CuCl3,1.54245302752638
3-Py_PhA_WBr3,1.54286509973378
PhA_IM_InI3,1.54289975007446
TriMA_TroP_HfBr3,1.54295381672468
Cs_MA_WBr3,1.54412653629504
Cs_TiZ_FeBr3,1.54457650332651
HA_Py_ZrI3,1.54498295257852
DiEA_PhA_ZrI3,1.54576011486214
NH4_IM_HfI3,1.54850122103442
HA_i-BuA_HfI3,1.54974608133925
GUA_IM_ZrI3,1.55000621705121
TroP_IM_FeBr3,1.55019627147031
IM_i-BuA_MoBr3,1.55042516876565
NH4_i-PA_TeCl3,1.55084351159196
3-Py_TroP_GaI3,1.55096110539815
TroP_IM_FeI3,1.55108657495822
NH4_TiZ_HfI3,1.55368300422425
NH4_AA_TeCl3,1.55371110253646
NH4_MA_TeCl3,1.55393760449445
NH4_IM_TeCl3,1.5548464123949
DiEA_IM_ZrI3,1.55556781154827
DiEA_GUA_SnI3,1.55713123033825
i-BuA_TiZ_SnI3,1.55740451435569
PhA_TroP_InBr3,1.55783658425029
TroP_Az_GaI3,1.55792834393955
TroP_Py_NiBr3,1.55816762519086
FM_TroP_HfI3,1.55858888238769
NH4_Az_ZrI3,1.55868558865275
HY_Az_HfI3,1.55904645859909
HA_NH4_AgCl3,1.55939384031652
DiMA_TroP_TeCl3,1.55955145105181
FA_Az_ZrI3,1.55993126885947
DiEA_Az_CoI3,1.56073835358456
DiEA_TiZ_HfBr3,1.56110069275151
i-PA_TiZ_PbI3,1.56477806478097
HA_PhA_HfBr3,1.56513512847774
TetraMA_Py_HfBr3,1.56571684573705
DiEA_PhA_MoBr3,1.56582786099357
3-Py_NH4_ZrBr3,1.56617009262845
FM_Cs_AgCl3,1.56705946853544
FA_DiMA_HfI3,1.56735785990978
TetraMA_TiZ_HfCl3,1.56862736147638
TroP_Py_GaBr3,1.56921370595993
TroP_MA_HfBr3,1.5694116331123
TetraMA_TiZ_ZrBr3,1.57093919602391
IM_TiZ_SnI3,1.57230424318424
PhA_TroP_NiBr3,1.5723473205653
EA_FA_ZrI3,1.57262839846317
FA_Cs_WBr3,1.57264714924131
PhA_Az_AgCl3,1.57273855122801
TriMA_Py_PbI3,1.57530881163546
PhA_TroP_PbI3,1.57544405562197
DiMA_Py_HfCl3,1.57563271033907
EA_Py_HfCl3,1.57563271033907
TroP_MA_HgBr3,1.57663037655617
HA_Py_HfI3,1.57666298274121
FM_NH4_TeCl3,1.57699150513768
GUA_i-BuA_MoBr3,1.57736900679921
i-PA_Az_HfI3,1.57761966721786
HY_TroP_HfBr3,1.57777649916797
TetraMA_HY_HfI3,1.57907322824243
PhA_TiZ_HfI3,1.57951729302523
DiEA_TroP_FeBr3,1.57969660550849
TroP_TiZ_FeI3,1.57978135409392
3-Py_PhA_HfBr3,1.57995458240071
FA_TiZ_ZrI3,1.58130750124343
FA_TiZ_HfI3,1.5814810690044
NH4_TroP_CoI3,1.58152818789203
PhA_i-BuA_InI3,1.58157249163952
PhA_MA_NiI3,1.58160754181967
PhA_Py_CoBr3,1.58178557671031
PhA_i-BuA_ZrI3,1.58194529752925
TriMA_Az_HfI3,1.58201371829117
EA_TroP_NiBr3,1.58207446837629
FM_GUA_TeCl3,1.582439645156
TroP_AA_HgBr3,1.58301686254227
TriMA_TetraMA_SnI3,1.58382479287122
PhA_MA_SnI3,1.58406303096868
PhA_DiMA_SnI3,1.58487439061329
NH4_TiZ_TeCl3,1.58561999244879
DiMA_i-BuA_MoBr3,1.58655631422014
EA_i-BuA_MoBr3,1.58655631422014
DiEA_i-BuA_MoBr3,1.58686801846095
i-BuA_TiZ_InBr3,1.5877022167217
FA_i-BuA_WBr3,1.58773075474584
3-Py_AA_HfBr3,1.5880250555924
3-Py_IM_HfCl3,1.5886116418473
3-Py_PhA_MoBr3,1.58987522676482
HA_TriMA_HfI3,1.58999045437519
FM_TroP_CoI3,1.59043454357785
GUA_i-BuA_WBr3,1.59118169102606
TroP_AA_NiI3,1.59122042782538
HA_i-PA_HfI3,1.59143570791916
DiEA_MA_HgBr3,1.59538614352055
TroP_i-BuA_CoI3,1.59578178544007
HA_TiZ_CuCl3,1.59588876751729
FM_TroP_HfBr3,1.59607889295356
i-BuA_Az_InBr3,1.59703453366851
DiEA_TiZ_ZrBr3,1.59776981563713
3-Py_GUA_HfBr3,1.59825392304368
FM_DiEA_TeCl3,1.59911978144287
FA_IM_ZrI3,1.59963494165477
i-PA_i-BuA_MoBr3,1.59972815671619
TriMA_i-BuA_MoBr3,1.60062043090564
FA_DiMA_ZrI3,1.6021901824822
PhA_Az_SnI3,1.60242800681464
DiMA_TroP_NiBr3,1.60356372706798
TroP_AA_HfBr3,1.60365488781612
PhA_i-BuA_AgCl3,1.60471497001507
PhA_DiMA_CoI3,1.60535253273647
Cs_MA_MoBr3,1.60543136066558
3-Py_i-BuA_HfI3,1.60637842965589
3-Py_DiEA_HfI3,1.60705882472563
TetraMA_i-PA_SnI3,1.60774367886066
FM_i-BuA_ZrI3,1.6092467870598
PhA_MA_CoI3,1.60935662360572
EA_NH4_CuCl3,1.60972507916633
3-Py_TiZ_HfCl3,1.6100688717927
PhA_MA_FeI3,1.61090649988355
TetraMA_Az_TeCl3,1.61102581498477
Cs_HY_AgCl3,1.6112405265528
PhA_AA_SnI3,1.61181814408582
FM_EA_HfI3,1.61260348360473
FA_TroP_HfBr3,1.61354910232369
FM_PhA_HfCl3,1.61378917706269
HA_TroP_HfBr3,1.61394018490735
EA_DiMA_HfI3,1.61539702971562
PhA_Az_PbI3,1.61607960821297
TetraMA_IM_HfI3,1.6162196340577
i-BuA_Py_SnI3,1.61679614404109
FM_IM_HfI3,1.61688683474719
FM_DiMA_HfI3,1.61768418762286
FA_GUA_HgBr3,1.61776553854379
i-BuA_AA_InBr3,1.6182129982703
AA_TiZ_PbI3,1.61835563188409
PhA_MA_HgBr3,1.61840873512173
GUA_TiZ_PbI3,1.61861458111271
FA_DiMA_HgBr3,1.61880269916894
TriMA_TroP_HgI3,1.62034075359378
FA_IM_HfI3,1.62060805947995
TetraMA_MA_TeCl3,1.62084081207783
DiEA_IM_SnI3,1.62088007655549
NH4_PhA_WBr3,1.62088892667014
FM_HA_TeCl3,1.62126427142249
GUA_AA_PbI3,1.62164716784868
FM_MA_TeCl3,1.62226621053279
PhA_TiZ_CoI3,1.62246577004588
i-PA_Py_ZrI3,1.62417399139509
PhA_Py_SnI3,1.62449753664865
FM_DiEA_ZrI3,1.62514380564148
FA_PhA_MoBr3,1.62556419208609
FA_MA_CuCl3,1.62616099360359
HA_PhA_MoBr3,1.62700974875908
TriMA_PhA_WBr3,1.62793648552028
i-PA_Py_HfI3,1.6284704127787
TriMA_Py_ZrI3,1.6285680424684
FA_i-BuA_MoBr3,1.6287905081455
HA_GUA_TeCl3,1.62941386547899
PhA_TiZ_InBr3,1.63077525189807
FM_PhA_WBr3,1.63142601918334
3-Py_GUA_ZrBr3,1.63202251042419
TetraMA_AA_PbI3,1.63212298269038
AA_MA_HgBr3,1.6324690787049
EA_FA_HgBr3,1.6324690787049
TriMA_Py_HfI3,1.632864463852
i-BuA_AA_SnI3,1.63307998361715
HY_Az_ZrI3,1.63373822168656
PhA_Py_FeBr3,1.63379324091189
Py_MA_HgBr3,1.63445734696666
PhA_Py_FeI3,1.63461883910529
i-PA_PhA_WBr3,1.634994418268
DiMA_Az_HfI3,1.63504532422928
EA_Az_HfI3,1.63504532422928
DiEA_TiZ_SnI3,1.63572134360042
i-BuA_MA_HgBr3,1.6362514660125
FM_NH4_ZrI3,1.63685727013505
TriMA_IM_HgBr3,1.6372173971343
PhA_i-BuA_CuCl3,1.63744058045561
TriMA_GUA_PbI3,1.63745600062776
Cs_i-BuA_AgCl3,1.63765477342088
TetraMA_PhA_WBr3,1.63784919914587
TetraMA_IM_ZrI3,1.638097848387
i-PA_TroP_HgI3,1.63833972021969
TriMA_TiZ_HgBr3,1.63901143489646
FA_TetraMA_HgBr3,1.63914711198877
FA_Cs_MoBr3,1.63926117468718
FA_AA_HgBr3,1.64013469476663
DiEA_NH4_HgBr3,1.64117543311755
HA_Az_HfI3,1.64128578871489
DiEA_Cs_InBr3,1.64152085189836
FM_TiZ_HfI3,1.64180320987551
FA_TroP_HgBr3,1.64192122195267
TetraMA_TiZ_HgBr3,1.64219907787773
TriMA_TetraMA_HgBr3,1.64259347577822
FA_Az_HgBr3,1.64259965716297
GUA_Py_PbI3,1.64311647134632
FA_HA_TeCl3,1.64324880850235
Cs_TroP_NiI3,1.64340217748608
EA_DiMA_HgBr3,1.64411531657029
TriMA_MA_HgBr3,1.64503107988468
NH4_TiZ_ZrI3,1.64605095306542
PhA_Az_FeI3,1.64607208772652
3-Py_FA_HfBr3,1.64638666185145
i-PA_Py_PbI3,1.64645357723225
PhA_MA_ZrCl3,1.64664461948462
FA_TiZ_HgBr3,1.64700231683284
TriMA_DiMA_HgBr3,1.64732293245493
FM_TetraMA_ZrI3,1.64806009037321
TetraMA_MA_HgBr3,1.64840403292723
DiMA_Az_HgBr3,1.64856937008514
EA_Az_HgBr3,1.64856937008514
DiEA_MA_CoI3,1.64880825266925
TriMA_AA_PbI3,1.64994730445814
FA_TroP_FeI3,1.65050980339949
FM_AA_HfI3,1.65078772617687
TetraMA_IM_HgBr3,1.65086451513862
HY_PhA_HfBr3,1.65089713348375
HA_i-BuA_TeCl3,1.65167569526065
NH4_PhA_HfCl3,1.6516986100107
NH4_GUA_SnI3,1.65172958046589
GUA_AA_HgBr3,1.65226686394742
FA_PhA_HfBr3,1.6523776795794
3-Py_AA_HgBr3,1.6525068772221
Cs_TiZ_PdCl3,1.6526896060428
TriMA_AA_HgBr3,1.6528493321728
FA_IM_HgBr3,1.6534702324153
TroP_Az_HgI3,1.65378659054621
HY_TroP_CoI3,1.65413926317604
DiMA_Py_ZrBr3,1.65422792875322
EA_Py_ZrBr3,1.65422792875322
TetraMA_i-PA_HgBr3,1.65441766193701
FA_NH4_CuCl3,1.65473020694865
GUA_IM_HgBr3,1.65564963996511
TroP_Py_HfBr3,1.65682117444561
DiEA_Az_FeI3,1.65686279662996
EA_TriMA_HgBr3,1.65786720222766
TroP_AA_FeI3,1.65809100456449
FA_TriMA_HgBr3,1.65880271413539
IM_Az_HgBr3,1.65901661525472
TroP_AA_CoI3,1.65912019670029
TetraMA_Az_HgBr3,1.6592917381895
EA_i-PA_HgBr3,1.65931245577164
DiMA_IM_HgBr3,1.65979832509754
EA_IM_HgBr3,1.65979832509754
EA_TroP_GaBr3,1.66006066316665
AA_Az_HgBr3,1.66011351591205
FA_i-PA_HgBr3,1.66024796767937
Cs_TiZ_NiBr3,1.66055995179099
DiMA_GUA_HgBr3,1.66059965135837
EA_GUA_HgBr3,1.66059965135837
TetraMA_GUA_HgBr3,1.66087625092688
DiMA_AA_HgBr3,1.66101614046236
EA_AA_HgBr3,1.66101614046236
3-Py_DiMA_ZrI3,1.66113781953558
DiMA_TiZ_HgBr3,1.66153663846581
EA_TiZ_HgBr3,1.66153663846581
TriMA_GUA_HgBr3,1.66193190377674
3-Py_EA_ZrI3,1.66216508090532
GUA_Az_HgBr3,1.66216608032981
i-PA_IM_HgBr3,1.66217032080028
TetraMA_AA_HgBr3,1.66250600144005
Az_TiZ_HgBr3,1.66280527757332
i-PA_IM_HfBr3,1.66340018208822
i-PA_TiZ_HgBr3,1.66396435856244
IM_AA_HgBr3,1.66399136156666
3-Py_Py_HgBr3,1.66406995753192
HA_TroP_CoI3,1.66426979977512
FM_MA_CuCl3,1.6649175245073
3-Py_GUA_HgBr3,1.66493475160011
3-Py_i-PA_PbI3,1.66529396238813
3-Py_IM_HgBr3,1.66575202768671
i-PA_MA_HgBr3,1.66610337928524
TriMA_Az_HgBr3,1.66623614784182
DiEA_TiZ_CoI3,1.66632880302609
AA_TiZ_HgBr3,1.66651585960857
DiEA_TroP_HgBr3,1.66708958062872
i-BuA_TiZ_PbI3,1.66775063930411
i-PA_DiMA_HgBr3,1.6683952318555
i-PA_TiZ_HfBr3,1.6685063939804
TriMA_PhA_AgCl3,1.66866378872223
GUA_TiZ_HgBr3,1.66875338395313
FA_Py_HgBr3,1.66900032947262
PhA_Az_CoI3,1.66917864367351
DiEA_HY_HgBr3,1.66976945986215
TriMA_IM_HfBr3,1.66981893880362
HY_TroP_NiI3,1.66993026694543
i-BuA_Az_HgBr3,1.6700820618888
HY_IM_HfI3,1.67086166564517
TetraMA_TroP_TeCl3,1.67097539140843
3-Py_TetraMA_HgBr3,1.67160550946503
3-Py_FA_HgBr3,1.67187893375658
3-Py_TiZ_HgBr3,1.67195904708963
HA_i-BuA_MoBr3,1.67254592821679
Cs_IM_ZrI3,1.67284079708286
DiEA_AA_SnI3,1.67298397495773
DiEA_TriMA_CoI3,1.67309187652353
Az_Py_HgBr3,1.67334029069606
HY_i-BuA_MoBr3,1.67338973470499
3-Py_Py_NiI3,1.67375661231459
AA_Py_PbI3,1.67411453289356
NH4_DiMA_CuCl3,1.67413734779536
3-Py_Az_HgBr3,1.67442972351692
PhA_DiMA_FeI3,1.67470982872039
TriMA_TiZ_HfBr3,1.67492515069579
IM_TiZ_HgBr3,1.67537504375139
DiEA_i-PA_CoI3,1.67575187075913
3-Py_HY_HfBr3,1.67588196170994
TetraMA_DiMA_HgBr3,1.6764448466118
EA_TetraMA_HgBr3,1.67661018376971
DiEA_HA_NiI3,1.6770560459091
i-PA_AA_HgBr3,1.67780225583878
DiEA_HA_HgBr3,1.67790948198234
Az_Py_CoI3,1.67791818345724
DiEA_HY_NiI3,1.67800341781544
DiEA_AA_FeI3,1.67801314321759
AA_Py_HgBr3,1.67825230046977
DiEA_DiMA_FeI3,1.67862998068818
NH4_PhA_FeI3,1.67977548875423
3-Py_DiMA_HgBr3,1.68020512481295
3-Py_EA_HgBr3,1.68020512481295
HY_TroP_FeI3,1.68029668090758
TroP_i-BuA_InBr3,1.68039645248946
DiEA_HA_CoI3,1.6806149198437
FA_Py_PbI3,1.68077229843689
PhA_Py_NiI3,1.68089981025642
DiEA_HY_CoI3,1.68156229175004
i-PA_PhA_AgCl3,1.68208584620034
i-BuA_TiZ_HfBr3,1.6822229839381
HA_i-BuA_WBr3,1.6824638767544
DiEA_Py_CoI3,1.68249030136118
3-Py_TiZ_CoI3,1.68251402513946
DiEA_MA_FeI3,1.68382575547014
Cs_IM_HfI3,1.68388291954046
HA_MA_CuCl3,1.68388525041721
FA_MA_ZrI3,1.68418894711265
IM_Py_NiI3,1.68444627136316
DiEA_TetraMA_FeI3,1.68448526395203
DiMA_TroP_GaBr3,1.68463311656811
3-Py_TriMA_HgBr3,1.68485579230197
Az_TiZ_HfBr3,1.68486713330321
DiEA_PhA_CuBr3,1.68499556580628
FM_NH4_CuCl3,1.68500622494695
TetraMA_AA_TeCl3,1.68523588001057
Az_Py_NiI3,1.6854595617453
DiMA_Py_HgBr3,1.68547183305686
EA_Py_HgBr3,1.68547183305686
TriMA_i-PA_PbI3,1.68571280705215
Cs_i-BuA_HfI3,1.68608309703405
3-Py_i-PA_HgBr3,1.68630104584595
i-PA_GUA_HgBr3,1.68688482744272
TriMA_Py_HgBr3,1.68691823771075
MA_TiZ_HgBr3,1.68726796571212
i-PA_Az_HgBr3,1.68730844724238
DiEA_IM_CoI3,1.68761564430346
TriMA_i-PA_HgBr3,1.68826903277059
Py_TiZ_HgBr3,1.68845755859643
HA_TroP_NiI3,1.68853193868272
3-Py_Az_ZrI3,1.68866222341791
i-PA_GUA_PbI3,1.68879729574601
HY_i-BuA_WBr3,1.6892497910074
DiEA_EA_FeI3,1.68926250991388
HY_MA_CuCl3,1.68930761121587
FA_TroP_TeCl3,1.68979469073919
FM_TroP_FeI3,1.69000488518373
FA_AA_HfI3,1.69082056636188
IM_Py_CoI3,1.69089396566997
GUA_MA_ZrI3,1.69138582622905
PhA_TiZ_PbI3,1.69188983068313
3-Py_Az_HfI3,1.69256392171112
PhA_Py_ZrBr3,1.69273218601318
Cs_DiMA_WBr3,1.69315473287269
DiEA_MA_InBr3,1.69388845792924
HY_PhA_WBr3,1.69398653783342
PhA_TroP_GaI3,1.69400359913387
DiEA_Py_SnI3,1.69416506987478
HA_Cs_HgBr3,1.69452124591312
3-Py_TiZ_NiI3,1.69477217946082
Cs_PhA_AgCl3,1.69508566718766
AA_Az_ZrI3,1.69527066108511
GUA_TroP_HgBr3,1.69542775710352
TriMA_HY_HgBr3,1.69772670973416
IM_Py_HfCl3,1.69795582665712
EA_Cs_WBr3,1.69799964736288
HY_TiZ_HfI3,1.69824479270219
3-Py_FA_ZrBr3,1.69830818027894
i-PA_Py_CoI3,1.6987001528619
GUA_Py_HgBr3,1.69897318917214
DiEA_Py_FeI3,1.69901623319231
NH4_TroP_FeI3,1.69916939099452
IM_AA_HfBr3,1.6998410803464
DiEA_TiZ_PbI3,1.6998624232602
HA_TetraMA_HfI3,1.70021713622085
DiEA_EA_HgBr3,1.70034271513627
TroP_MA_HfCl3,1.70065548186843
TriMA_Py_CoI3,1.70073699624391
i-PA_AA_PbI3,1.7012885995764
DiEA_TriMA_FeI3,1.70158843748441
NH4_MA_ZrI3,1.70184361845644
TroP_i-BuA_PbI3,1.70188924362788
GUA_Py_HfBr3,1.70194655621807
IM_Py_FeI3,1.70276619355327
TetraMA_Az_CoI3,1.7027813992697
i-BuA_Az_CoI3,1.70287524963541
DiEA_i-PA_FeI3,1.70303369102839
Py_TiZ_CoI3,1.70329437522662
i-PA_Py_NiI3,1.70361272230252
FM_i-BuA_WBr3,1.70421653716279
PhA_MA_InBr3,1.70499395607322
DiEA_Py_InBr3,1.70500191106751
PhA_GUA_HgBr3,1.70535280529611
3-Py_IM_CoI3,1.705385975686
TriMA_Py_NiI3,1.70564956568454
Py_TiZ_FeI3,1.70566788135893
IM_Py_HgBr3,1.70617929426372
Cs_TiZ_CoBr3,1.70643839796911
Az_Py_FeI3,1.70694659053646
PhA_DiMA_PbI3,1.70702205294759
NH4_IM_ZrI3,1.70733949120007
TetraMA_Py_HgBr3,1.70793791234812
DiEA_MA_NiI3,1.70826200778643
DiEA_FA_InBr3,1.70842097566667
EA_HA_ZrI3,1.70861552738332
FM_HY_HfI3,1.70870338258544
i-BuA_Py_PbI3,1.70883570954313
GUA_MA_HfI3,1.70892338860007
DiEA_DiMA_HgBr3,1.71012574718732
DiEA_FA_CoI3,1.71015473870047
IM_Az_HfBr3,1.71044916080251
3-Py_IM_NiI3,1.71059582042255
PhA_TiZ_NiI3,1.71067199711801
NH4_PhA_TeCl3,1.71127824480266
TetraMA_Cs_HfI3,1.71127882965048
HA_IM_HfI3,1.71144187337699
FA_MA_HfI3,1.71148752616718
i-PA_Py_HgBr3,1.71187116137673
NH4_GUA_CuCl3,1.71200771854738
i-BuA_AA_HgBr3,1.71240477378078
AA_Py_HfBr3,1.712686975085
TetraMA_HY_HgBr3,1.71346678020921
FM_MA_ZrI3,1.71356899343414
TriMA_TetraMA_CoI3,1.71454006128146
HY_AA_HgBr3,1.71572915293148
3-Py_HA_HfBr3,1.71596111986724
FM_HY_ZrI3,1.71658332341285
i-PA_Py_FeI3,1.71672219002622
AA_TiZ_HfBr3,1.7170451078918
FA_PhA_FeI3,1.71723432970385
FA_Cs_HgBr3,1.71747597705206
PhA_i-BuA_FeI3,1.71752915374878
3-Py_Az_HfCl3,1.71784073312537
EA_HA_HfI3,1.71832984331008
TriMA_Py_FeI3,1.71875903340824
i-PA_HY_HgBr3,1.71879900913473
i-BuA_TiZ_ZrBr3,1.71889210682372
3-Py_Az_CoI3,1.72036963250695
EA_TriMA_PbI3,1.72037479307928
EA_PhA_MoBr3,1.72056458823886
EA_TriMA_TeCl3,1.72066520934561
TriMA_Az_TeCl3,1.72149038878811
TetraMA_PhA_MoBr3,1.72169100899683
DiEA_DiMA_CoI3,1.72172643962209
DiEA_EA_CoI3,1.72172643962209
NH4_Az_CuCl3,1.72200316835815
Cs_IM_CuCl3,1.7223450423962
DiEA_HY_ZrI3,1.7225871955965
HA_TroP_FeI3,1.72425667725635
Cs_PhA_ZrBr3,1.72469354033063
TetraMA_Az_NiI3,1.72477773344621
IM_TiZ_PbI3,1.72512114280785
MA_TiZ_HfBr3,1.72571441693502
TetraMA_PhA_AgCl3,1.7259082035164
NH4_MA_CuCl3,1.72678016043885
TriMA_TetraMA_NiI3,1.7268483705607
TroP_TiZ_TeCl3,1.72734436399796
TriMA_TroP_TeCl3,1.72735999486945
PhA_MA_PbI3,1.72807957833542
TroP_TiZ_NiBr3,1.72887817377654
PhA_Py_HfBr3,1.72897529107555
TroP_i-BuA_NiI3,1.7299602998737
TetraMA_TroP_HgI3,1.73022131534056
3-Py_Az_NiI3,1.73029288397945
NH4_AA_CuCl3,1.73057802505918
GUA_TroP_CoI3,1.73110975707161
DiEA_Cs_MoBr3,1.7313294794089
3-Py_MA_ZrI3,1.73133018779254
IM_Py_PbI3,1.73145407127122
TroP_TiZ_HgI3,1.73145680379375
EA_i-PA_TeCl3,1.73156010917914
FA_HY_HfI3,1.73219642434571
PhA_TroP_HfBr3,1.73220632222417
TroP_TiZ_FeBr3,1.73286432848568
Py_MA_HfBr3,1.73382356862817
3-Py_AA_ZrBr3,1.73392916618082
TetraMA_i-PA_CoI3,1.73407226854516
TetraMA_MA_PbI3,1.73479745072137
3-Py_Py_FeI3,1.73544390435319
FA_HY_ZrI3,1.73581804370977
NH4_Py_HfBr3,1.73620814347966
DiEA_HA_InBr3,1.73674044555913
GUA_Py_ZrBr3,1.73684350880718
DiEA_DiMA_InBr3,1.73726865232886
DiEA_EA_InBr3,1.73726865232886
Cs_TroP_AgCl3,1.73778902319681
IM_AA_ZrBr3,1.73798044973562
FM_i-BuA_MoBr3,1.73829235019947
FM_GUA_ZrI3,1.73845415300136
DiEA_GUA_CoI3,1.73850099375252
NH4_HY_FeI3,1.7389853054959
FM_HY_CuCl3,1.73908772203772
DiEA_Az_HgBr3,1.73996539204291
PhA_IM_InBr3,1.7401045119179
PhA_Az_CuCl3,1.74012575866551
EA_DiMA_TeCl3,1.74032795204654
DiEA_TriMA_HgBr3,1.74043988268159
DiEA_HY_InBr3,1.74076962679876
DiEA_Py_PbI3,1.74094749349922
PhA_TiZ_SnI3,1.74157917016123
TriMA_TroP_GaBr3,1.74232935107928
GUA_AA_HfI3,1.74241957571544
EA_i-PA_PbI3,1.74269846264035
PhA_GUA_HfBr3,1.74275224049774
DiEA_NH4_CoI3,1.74336574350632
3-Py_FM_ZrBr3,1.74336969358183
TroP_i-BuA_SnI3,1.74404666265024
TroP_MA_FeBr3,1.74461491649278
i-BuA_Py_FeI3,1.74468303014126
Cs_PhA_WBr3,1.74469621478331
3-Py_TroP_HfCl3,1.74492777906112
GUA_AA_ZrI3,1.74537084987855
NH4_PhA_MoBr3,1.74591602256251
TroP_TiZ_SnBr3,1.74631030181635
GUA_i-BuA_HfI3,1.7463222104791
TetraMA_i-PA_NiI3,1.7463805778244
FM_NH4_HfI3,1.74650274685415
NH4_GUA_TeCl3,1.74654059091485
Cs_MA_CuCl3,1.74657606671787
DiEA_AA_CoI3,1.74666606528565
HY_IM_ZrI3,1.74709475010857
3-Py_TetraMA_ZrI3,1.74755021786523
HA_TetraMA_HgBr3,1.7479201916454
DiEA_NH4_InBr3,1.74797391850679
IM_TiZ_HfBr3,1.74803591962676
TriMA_DiMA_TeCl3,1.74810206629283
HA_Py_HgBr3,1.74838107162253
FA_NH4_ZrI3,1.74854380417692
DiEA_HY_FeI3,1.74886244396674
HA_HY_FeI3,1.7495158287778
GUA_TroP_TeCl3,1.74962562097777
FM_EA_ZrI3,1.75008783803228
DiEA_FA_FeI3,1.75041822306581
DiEA_i-PA_HgBr3,1.75048877471607
i-PA_TroP_TeCl3,1.75063669941004
FM_AA_ZrI3,1.75079808761896
i-PA_PhA_CuCl3,1.75180742371373
AA_TiZ_ZrBr3,1.75194206048091
TroP_IM_SnBr3,1.75195143712354
FM_FA_ZrI3,1.75209459376938
GUA_TroP_NiI3,1.75240905381815
FA_HA_ZrI3,1.75251585869236
3-Py_TriMA_CoI3,1.75255293443039
3-Py_Az_FeI3,1.75277050031896
DiEA_TiZ_InBr3,1.75342060796896
DiEA_IM_InBr3,1.75361506417561
3-Py_TriMA_NiI3,1.75433025795817
FM_HA_HfI3,1.75450788109304
PhA_i-BuA_CoI3,1.75452998335102
DiEA_TiZ_ZrCl3,1.75460987072711
HA_AA_HgBr3,1.75474086207315
FM_DiMA_ZrI3,1.75516854205041
HA_TiZ_HgBr3,1.75566103281922
3-Py_i-PA_NiI3,1.75577551150214
FM_HA_CuCl3,1.75696649687
3-Py_TroP_HgI3,1.75718103307702
GUA_TroP_FeI3,1.75764579347001
HA_Cs_AgCl3,1.75874201958361
FM_HY_TeCl3,1.75881960048969
TetraMA_IM_HfBr3,1.75943751447007
HY_TiZ_HgBr3,1.75949571875335
DiMA_Py_PbI3,1.75968688928666
EA_Py_PbI3,1.75968688928666
i-PA_TroP_GaBr3,1.7597814579245
PhA_IM_CoI3,1.76008560438607
TroP_MA_CoBr3,1.76133357188124
FM_HA_ZrI3,1.76152502526454
HY_Py_HgBr3,1.76177420153765
DiEA_NH4_FeI3,1.76227900860959
FM_MA_HfI3,1.76301350120009
3-Py_NH4_HfCl3,1.76436572012343
PhA_TiZ_HgBr3,1.76439928525515
DiEA_GUA_HfI3,1.76505194272427
HA_Cs_CuCl3,1.76532022103337
FM_PhA_MoBr3,1.76563064631869
DiEA_FA_ZrI3,1.76602917464557
i-BuA_Py_CoI3,1.76617502691344
3-Py_i-PA_CoI3,1.76629745269254
FA_NH4_HfI3,1.76631079775928
3-Py_PhA_ZrBr3,1.76686912179306
PhA_Py_NiBr3,1.76733017126031
IM_MA_HfBr3,1.76787484276151
FA_AA_ZrI3,1.76937610628053
Az_Py_HfCl3,1.76996047726246
DiEA_HA_FeI3,1.77026200538312
Cs_TroP_FeBr3,1.77128836040502
DiEA_Az_InBr3,1.77180501777274
FA_GUA_ZrI3,1.77194646287705
PhA_IM_HgBr3,1.7723217249551
PhA_AA_InBr3,1.77287741579192
i-PA_IM_ZrBr3,1.77287999856675
FA_Py_HfBr3,1.77318126252354
TriMA_PhA_CuCl3,1.77356603684135
GUA_TroP_HfCl3,1.77362374966201
3-Py_AA_HfCl3,1.77371453418696
HA_TriMA_HgBr3,1.77386588389241
HA_NH4_FeI3,1.77391833982308
DiMA_IM_HfBr3,1.77408770105717
EA_IM_HfBr3,1.77408770105717
FA_Py_CoI3,1.77424688608885
DiEA_AA_HgBr3,1.77457444751968
DiEA_AA_InBr3,1.77491154129687
NH4_PhA_ZrBr3,1.7752474845223
DiEA_TriMA_NiI3,1.77529096322976
HA_i-PA_HgBr3,1.77531113743639
i-PA_Py_ZrBr3,1.77599277565652
DiEA_GUA_FeI3,1.77621650880622
DiEA_i-PA_NiI3,1.77673621677373
HY_Az_HfBr3,1.77723985857959
DiEA_GUA_InBr3,1.77727895719029
Az_MA_ZrI3,1.77740639791334
DiEA_HA_ZrI3,1.77845500649391
TetraMA_Py_CoI3,1.77871911354927
FM_PhA_ZrCl3,1.77900869395977
TriMA_IM_ZrBr3,1.77929875528215
HA_AA_ZrI3,1.77967311450366
3-Py_GUA_HfCl3,1.77985377093395
TroP_IM_GaBr3,1.78014977326591
PhA_AA_HgBr3,1.78128649662887
GUA_TroP_PbI3,1.78134260828285
Cs_i-PA_CuCl3,1.78217198298818
DiEA_IM_FeI3,1.78231870523944
NH4_AA_ZrI3,1.78233056033806
TriMA_Py_ZrBr3,1.78241153237191
3-Py_Az_ZrBr3,1.78241328916369
HA_TroP_HgBr3,1.78244190086399
i-PA_Az_TeCl3,1.78248076195588
PhA_DiMA_InBr3,1.78257740692065
TetraMA_i-BuA_MoBr3,1.7827726768938
FM_PhA_FeI3,1.78310558260179
DiEA_TetraMA_CoI3,1.78328730213385
FM_FA_HfI3,1.78400730850831
HY_Py_HfBr3,1.78418586969782
DiEA_FA_HgBr3,1.78466835436324
Az_TiZ_NiI3,1.78560617306989
HY_i-BuA_TeCl3,1.78563479896897
DiMA_Py_NiI3,1.78585482860826
EA_Py_NiI3,1.78585482860826
PhA_Py_PbI3,1.78616732633009
3-Py_HY_HfCl3,1.78642769894599
i-PA_DiMA_TeCl3,1.78668998592069
FA_Py_NiI3,1.78720034035307
NH4_Py_ZrBr3,1.78735552895877
DiEA_GUA_PbI3,1.78772334065106
HA_Py_HfBr3,1.78821727440282
Py_TiZ_NiI3,1.78898312839075
FM_Py_HfBr3,1.78909181535295
NH4_i-BuA_MoBr3,1.78937131860058
3-Py_HA_HfCl3,1.78958229856018
DiEA_Cs_WBr3,1.79025976003349
HA_NH4_TeCl3,1.790308036059
TetraMA_PhA_CuCl3,1.79032962657545
DiMA_TroP_FeBr3,1.79081035884283
EA_TroP_FeBr3,1.79081035884283
DiEA_TriMA_InI3,1.79123307265072
TetraMA_DiMA_TeCl3,1.7913918434658
Cs_TroP_FeI3,1.7917189492339
HY_TiZ_ZrI3,1.79172330335613
HY_MA_ZrI3,1.79220483457705
HA_Az_ZrI3,1.79280934795862
TroP_AA_TeCl3,1.79355154721241
i-PA_IM_HfCl3,1.79469452904636
DiEA_Py_NiI3,1.79561812456621
Py_MA_ZrBr3,1.79583782224365
DiEA_NH4_NiI3,1.79708076161961
DiMA_TiZ_HfBr3,1.797187276907
EA_TiZ_HfBr3,1.797187276907
DiEA_TroP_GaI3,1.79733361284079
i-PA_MA_TeCl3,1.79734639499713
TetraMA_TiZ_CoI3,1.79766861625779
FM_GUA_HfI3,1.7980002998084
DiEA_Cs_AgCl3,1.79840967407814
3-Py_Cs_CuCl3,1.79869914147888
FA_Py_FeI3,1.79922119464481
TetraMA_Py_NiI3,1.79926848962388
i-PA_IM_CoI3,1.79944261867547
GUA_Py_CoI3,1.79954788825119
FM_Az_HfBr3,1.79955897722343
FA_GUA_HfI3,1.80019666701597
EA_TetraMA_TeCl3,1.80056464649416
DiEA_i-PA_InI3,1.8012819646852
TriMA_IM_CoI3,1.80147946205749
AA_Py_NiI3,1.80193726281227
HY_TroP_HgBr3,1.80213565902706
NH4_GUA_HfI3,1.80261427010335
Cs_TroP_CoI3,1.80413713751589
HA_IM_ZrI3,1.80421689910903
3-Py_DiMA_HfBr3,1.80434412779266
3-Py_EA_HfBr3,1.80434412779266
TroP_Py_HgI3,1.80447755883429
TroP_Az_TeCl3,1.80467708866184
Cs_DiMA_CuCl3,1.8047073083105
DiEA_Az_NiBr3,1.80482665191376
NH4_GUA_ZrI3,1.80489769721529
IM_Az_HfCl3,1.80508001135913
TetraMA_Cs_CuCl3,1.80549896418572
i-PA_i-BuA_InI3,1.80590579252372
DiMA_Py_CoI3,1.8059940306436
EA_Py_CoI3,1.8059940306436
NH4_AA_HfI3,1.80623199801298
TroP_MA_ZrCl3,1.8066263472039
HY_AA_ZrI3,1.80677404098623
HY_MA_HfI3,1.80749256583864
NH4_i-BuA_WBr3,1.80787777218218
i-PA_TiZ_ZrBr3,1.80810468853835
i-BuA_MA_CoI3,1.80854551155613
i-PA_TiZ_NiI3,1.80874236058469
HA_DiMA_ZrI3,1.80889127252013
AA_Py_CoI3,1.80903588666666
FA_PhA_CoI3,1.81008364600649
TriMA_TiZ_NiI3,1.81077920396671
i-PA_DiMA_PbI3,1.81079225269956
DiEA_EA_NiI3,1.81161515501142
HA_AA_HfI3,1.81168255691462
Az_TiZ_HfCl3,1.81174160800049
HY_AA_HfI3,1.81211832056363
PhA_DiMA_HgBr3,1.81252545571145
DiMA_GUA_CoI3,1.81267782555536
Az_TiZ_ZrBr3,1.81280184399805
DiEA_TetraMA_NiI3,1.81289042067852
HA_PhA_HfCl3,1.81316321000123
FM_TiZ_HgBr3,1.81383323596941
FA_AA_NiI3,1.81404261022108
TriMA_TiZ_ZrBr3,1.81452344525375
HA_DiMA_HfI3,1.81470639459894
Cs_AA_HgBr3,1.81498134361938
HY_PhA_MoBr3,1.81523601840928
GUA_Py_NiI3,1.81536466784771
FA_AA_CoI3,1.81543738411398
Cs_IM_HgBr3,1.81562632301419
3-Py_Py_HfCl3,1.81563793897673
DiEA_Az_NiI3,1.815921961662
3-Py_AA_CoI3,1.81622786399925
FM_TriMA_ZrI3,1.81647005211569
3-Py_FA_HfCl3,1.81651597242582
HY_TroP_HfCl3,1.81718016516086
IM_AA_CoI3,1.81794009886343
NH4_HY_ZrI3,1.81811064956697
FA_DiMA_CoI3,1.81860675682319
AA_Py_TeCl3,1.81880472025284
FA_TriMA_ZrI3,1.81913276591708
i-PA_TiZ_CoI3,1.81919634389592
DiEA_AA_NiI3,1.81935896292355
FM_Az_HfCl3,1.81984934956848
NH4_MA_HfI3,1.81990159161974
DiMA_IM_CoI3,1.82056579116471
EA_IM_CoI3,1.82056579116471
FA_i-PA_ZrI3,1.82057801946106
DiMA_TiZ_CoI3,1.82066244873979
EA_TiZ_CoI3,1.82066244873979
3-Py_TetraMA_CoI3,1.82097666101999
TriMA_TiZ_CoI3,1.82123318727794
Az_TiZ_CoI3,1.82156519297095
NH4_TroP_CoBr3,1.82160723930336
DiEA_TroP_HfBr3,1.82246789461384
FA_i-BuA_ZrI3,1.82248455204299
i-PA_IM_NiI3,1.82260611429641
3-Py_Py_NiBr3,1.82275249935716
FA_MA_NiI3,1.82364847955876
NH4_TroP_NiBr3,1.82410929303138
TroP_Py_SnBr3,1.82413517322313
TriMA_Py_HfCl3,1.82461899937134
TriMA_IM_NiI3,1.82464295767843
GUA_AA_NiI3,1.8251654564968
EA_FA_CoI3,1.82556383736577
HA_PhA_ZrBr3,1.82627744685788
NH4_AA_NiI3,1.82637422902277
GUA_AA_CoI3,1.82656023038971
3-Py_DiEA_MoBr3,1.82658412257256
DiMA_GUA_NiI3,1.82658905935053
EA_GUA_NiI3,1.82658905935053
HA_TiZ_ZrI3,1.8270638819825
GUA_MA_NiI3,1.82737834937043
i-BuA_Az_FeI3,1.82760404417857
AA_Py_ZrBr3,1.82784023373229
IM_TiZ_CoI3,1.82858244708753
Cs_Py_CuCl3,1.82862805941666
IM_Az_ZrBr3,1.82884483624991
FM_PhA_CoI3,1.82894278557895
i-BuA_MA_NiI3,1.82895333980654
EA_GUA_CoI3,1.82907946698459
DiMA_IM_ZrBr3,1.82910584616594
EA_IM_ZrBr3,1.82910584616594
HA_MA_ZrI3,1.82914029494549
AA_Py_FeI3,1.82961717086096
FA_PhA_ZrBr3,1.82970387541004
TetraMA_Py_FeI3,1.82980803060137
DiEA_HY_TeCl3,1.82985147247717
3-Py_TetraMA_NiI3,1.82985564145718
TetraMA_IM_CoI3,1.83087304905605
i-PA_GUA_ZrI3,1.83092653608918
IM_Az_CoI3,1.8309608851064
i-PA_TiZ_FeI3,1.83170061890436
i-BuA_Py_NiBr3,1.83255299163369
3-Py_AA_NiI3,1.83271381289608
FA_DiMA_NiI3,1.83273384511624
i-BuA_Az_NiI3,1.83280502456817
PhA_Az_InBr3,1.83281368849791
EA_Cs_CuCl3,1.83318092467726
DiMA_Py_FeI3,1.83320797863164
EA_Py_FeI3,1.83320797863164
GUA_Az_HfBr3,1.83339310050631
DiMA_TroP_GaI3,1.83361235636636
EA_TroP_GaI3,1.83361235636636
TriMA_TiZ_FeI3,1.83373746228638
IM_AA_NiI3,1.8344541718606
DiEA_TriMA_SnI3,1.83487637006381
i-BuA_TiZ_HgBr3,1.83488068189877
FA_i-BuA_InBr3,1.8351010890316
Py_MA_CoI3,1.8353230717409
i-PA_Py_WCl3,1.83669093321775
TriMA_DiMA_CoI3,1.83725522237574
TriMA_GUA_ZrI3,1.83734529280457
AA_MA_NiI3,1.8375523228122
FM_Cs_CuCl3,1.83765019049844
EA_FA_HfBr3,1.83793321780945
AA_MA_HfBr3,1.83837501953176
EA_FA_NiI3,1.83902776690256
TriMA_AA_CoI3,1.83921949562322
IM_MA_CoI3,1.8393441926337
AA_TiZ_CoI3,1.83977281137001
PhA_MA_HfCl3,1.8399187963806
FM_IM_ZrBr3,1.84037600609305
DiMA_TiZ_NiI3,1.84082280211838
EA_TiZ_NiI3,1.84082280211838
TriMA_GUA_NiI3,1.84082943632198
TetraMA_AA_NiI3,1.84083926331738
Cs_Az_ZrI3,1.84097838476298
PhA_DiMA_NiI3,1.84106376763105
TriMA_Az_CoI3,1.84124935796667
HY_Py_CoI3,1.84151342369737
TroP_MA_NiBr3,1.84229300034363
EA_TetraMA_CoI3,1.84271113907644
TetraMA_DiMA_CoI3,1.843000217425
AA_MA_CoI3,1.84355616402951
DiMA_Az_NiI3,1.84358498760359
EA_Az_NiI3,1.84358498760359
NH4_Py_HfCl3,1.84365770109087
3-Py_IM_FeI3,1.84383751101245
DiEA_IM_PbI3,1.8438820564731
3-Py_IM_ZrCl3,1.84393221994459
FA_Az_HfBr3,1.84423863129253
HA_MA_HfI3,1.84443918386833
TriMA_Az_NiI3,1.84457654827463
EA_TetraMA_NiI3,1.84481809279284
Cs_AA_CuCl3,1.84488684497594
3-Py_DiMA_NiI3,1.84492816686579
3-Py_EA_NiI3,1.84492816686579
TetraMA_DiMA_NiI3,1.84510717114139
GUA_Az_CoI3,1.84541480792498
Cs_TroP_CoBr3,1.8456777026111
PhA_TroP_ZrBr3,1.84574085434987
IM_Az_NiI3,1.84578985881285
FA_Az_CoI3,1.84588468704901
AA_Az_CoI3,1.84672605656725
Py_MA_NiI3,1.84677429101645
DiMA_IM_NiI3,1.84708882881138
EA_IM_NiI3,1.84708882881138
DiEA_IM_HgBr3,1.84723274235738
TetraMA_AA_CoI3,1.84729114274059
DiMA_MA_NiI3,1.8474770634749
EA_MA_NiI3,1.8474770634749
HY_GUA_NiI3,1.84750906000713
PhA_GUA_FeI3,1.84759301310499
i-BuA_TiZ_ZrCl3,1.84777396602985
TetraMA_TroP_GaBr3,1.84799453741591
Az_TiZ_FeI3,1.84799647805195
i-PA_PhA_InI3,1.84853068051003
3-Py_DiMA_CoI3,1.84859708147281
3-Py_EA_CoI3,1.84859708147281
3-Py_FA_CoI3,1.84871880001277
DiMA_MA_CoI3,1.84874190680475
EA_MA_CoI3,1.84874190680475
TetraMA_AA_FeI3,1.84874214358264
Py_MA_FeI3,1.84878157038877
AA_TiZ_TeCl3,1.84901175940173
DiMA_TiZ_ZrBr3,1.84912248907682
EA_TiZ_ZrBr3,1.84912248907682
FM_Py_HgBr3,1.84958953184096
PhA_AA_ZrBr3,1.85071634853195
TriMA_Py_WCl3,1.85079078563987
DiMA_AA_CoI3,1.85090177747603
EA_AA_CoI3,1.85090177747603
GUA_IM_NiI3,1.8510485596824
GUA_Az_FeI3,1.85107231042412
FM_MA_NiI3,1.8510860365861
TriMA_GUA_FeI3,1.85134827377142
FM_Cs_FeI3,1.85144445627412
IM_Az_FeI3,1.85152026933678
Cs_NH4_CuCl3,1.85162925122661
HY_AA_NiI3,1.85176415972034
IM_TiZ_NiI3,1.85181702602752
FM_i-PA_ZrI3,1.85212128324226
HA_PhA_FeI3,1.85214730378393
DiMA_MA_FeI3,1.85228509193847
EA_MA_FeI3,1.85228509193847
TroP_Az_ZrCl3,1.8524271281227
PhA_IM_FeI3,1.85243997779865
FA_TetraMA_CoI3,1.85248018538598
FA_HA_NiI3,1.8529643896032
i-BuA_MA_FeI3,1.8529790004485
TetraMA_Py_HfCl3,1.85335294273515
HA_GUA_NiI3,1.85392431919294
3-Py_MA_NiI3,1.85424000778446
i-BuA_Az_PbI3,1.85436116898295
i-PA_i-BuA_FeI3,1.85442851495279
IM_TiZ_FeI3,1.85484738828822
FM_TiZ_ZrBr3,1.85496886990462
FA_TiZ_CoI3,1.85504926013281
EA_TriMA_CoI3,1.85505309774691
DiMA_TiZ_TeCl3,1.85506632229136
GUA_TiZ_NiI3,1.85525470351283
TetraMA_MA_CoI3,1.85527283111035
GUA_TiZ_HfBr3,1.85536483163957
DiMA_Az_CoI3,1.85561295860934
EA_Az_CoI3,1.85561295860934
Cs_i-BuA_WBr3,1.85566348166371
PhA_GUA_InBr3,1.85572325479446
DiEA_PhA_CuCl3,1.85582675400481
i-PA_IM_FeI3,1.85584828183654
3-Py_FM_HfCl3,1.85600803753574
FA_TiZ_NiI3,1.85601644798042
DiEA_i-PA_SnI3,1.85615717167511
EA_i-PA_CoI3,1.85649835129088
FM_DiMA_NiI3,1.85673221782652
FM_EA_NiI3,1.85673221782652
FM_AA_NiI3,1.85697610702303
Cs_Az_CuCl3,1.85701588307243
DiMA_AA_NiI3,1.85714250571298
EA_AA_NiI3,1.85714250571298
FM_TetraMA_NiI3,1.85763200472512
TriMA_DiMA_NiI3,1.85766305062616
IM_MA_FeI3,1.85769653663467
TriMA_IM_FeI3,1.85788512521855
EA_HA_NiI3,1.85800776276516
Az_Py_NiBr3,1.85822241448956
TriMA_Cs_CuCl3,1.85839159856847
PhA_GUA_CoI3,1.85839645802697
Py_MA_HfCl3,1.85845797616761
TriMA_TetraMA_FeI3,1.8584608404866
IM_MA_NiI3,1.85858463092385
HY_GUA_FeI3,1.85863024878258
HY_IM_NiI3,1.85872367696306
AA_TiZ_FeI3,1.85890012197537
DiEA_TiZ_HfCl3,1.85899316100459
TriMA_NH4_FeI3,1.85903968227003
HY_Py_FeI3,1.85948714903146
NH4_Py_NiI3,1.8596373784384
TriMA_HY_NiI3,1.85979231616387
Cs_TroP_NiBr3,1.85985030157957
FA_Az_FeI3,1.8599600293483
AA_Az_NiI3,1.86030532999399
FA_HA_HfI3,1.86037327289471
TetraMA_Az_FeI3,1.86042119510075
HY_Py_NiI3,1.86046146609195
EA_HY_NiI3,1.86073012683208
IM_Py_TeCl3,1.86087866083767
FA_MA_FeI3,1.86092188269072
TriMA_GUA_CoI3,1.86103367889882
HA_DiMA_NiI3,1.86103716403758
TetraMA_DiMA_FeI3,1.86118492407904
GUA_Az_NiI3,1.86121782756167
GUA_IM_CoI3,1.86133385504547
GUA_TiZ_CoI3,1.86148113962465
FM_HY_NiI3,1.86174197090892
PhA_IM_SnI3,1.86175960243332
i-BuA_Py_NiI3,1.86237752419387
TriMA_i-PA_CoI3,1.8625324246887
i-PA_DiMA_CoI3,1.862588710393
FA_AA_FeI3,1.86289510556454
HA_Py_CoI3,1.86318432139165
FM_Az_ZrBr3,1.86323400380756
FA_DiMA_FeI3,1.8632550477731
FA_DiMA_HfBr3,1.86330982751106
NH4_HY_TeCl3,1.86416131343424
DiMA_IM_FeI3,1.86450708150898
i-PA_AA_CoI3,1.86455298364048
TriMA_i-PA_NiI3,1.86463937840509
3-Py_TiZ_ZrCl3,1.86482287949478
TriMA_i-BuA_FeI3,1.86483893902009
AA_TiZ_NiI3,1.8649516327335
Cs_AA_PbI3,1.86502778807862
3-Py_FA_NiI3,1.86535542065868
DiEA_FA_PbI3,1.8657149401489
FM_Py_NiI3,1.8659223703318
PhA_TiZ_FeI3,1.86614758123189
i-PA_GUA_NiI3,1.86616292433924
3-Py_GUA_CoI3,1.86630297301064
GUA_AA_FeI3,1.86635169260843
FA_TetraMA_NiI3,1.8663780170036
TriMA_NH4_NiI3,1.86646288703781
i-PA_Az_CoI3,1.86658284598393
HA_PhA_CoI3,1.86668255548817
HA_Az_HfBr3,1.86697125862133
TroP_Az_HfCl3,1.86704547543881
HA_Az_NiI3,1.86725149294323
Cs_i-BuA_CuCl3,1.86725390586384
HY_TiZ_NiI3,1.86757937581359
HA_NH4_NiI3,1.86759246080239
NH4_PhA_ZrCl3,1.86804293331459
EA_TiZ_TeCl3,1.86807783212792
DiMA_AA_ZrI3,1.86812144758381
EA_AA_ZrI3,1.86812144758381
FM_GUA_NiI3,1.86816686129473
i-BuA_AA_CoI3,1.86823023140365
HY_Az_NiI3,1.86829298162556
3-Py_AA_FeI3,1.86853405786123
HY_DiMA_NiI3,1.86858914216274
FM_TriMA_NiI3,1.86882128408845
TetraMA_MA_NiI3,1.86889669867649
AA_MA_FeI3,1.86954896955942
EA_FA_FeI3,1.86960469395332
MA_TiZ_CoI3,1.86968157418599
i-PA_Az_NiI3,1.86991003629189
GUA_MA_FeI3,1.87001193992898
EA_TetraMA_FeI3,1.8700230714992
FM_i-PA_NiI3,1.87026653763242
Cs_Az_HfI3,1.87028964885553
NH4_AA_FeI3,1.87062117478816
TetraMA_TroP_SnBr3,1.87064526614156
FM_TroP_HfCl3,1.87074661623343
FA_IM_NiI3,1.87095649514717
3-Py_TetraMA_FeI3,1.87107043588276
DiMA_TiZ_FeI3,1.87121626570364
EA_TiZ_FeI3,1.87121626570364
DiEA_DiMA_NiI3,1.87143245259288
i-BuA_MA_TeCl3,1.87143638732945
AA_Az_FeI3,1.87143997325248
HY_Py_HfCl3,1.87157384638621
i-BuA_AA_FeI3,1.87172428810877
3-Py_HY_ZrBr3,1.87180364264866
NH4_HY_CoI3,1.87198214281092
NH4_IM_HfBr3,1.87214867150549
HY_TiZ_CoI3,1.8722791454237
Az_Py_ZrCl3,1.87239008489381
GUA_Py_FeI3,1.87280770960275
FA_HY_NiI3,1.87302026940958
TriMA_AA_NiI3,1.87316219494447
GUA_IM_FeI3,1.87325122363107
Az_MA_NiI3,1.87338663740733
FM_TroP_GaBr3,1.87358655057841
EA_IM_FeI3,1.87363430727769
FA_TriMA_NiI3,1.87367468447886
DiEA_Py_HfBr3,1.87402561723373
FM_Az_NiI3,1.87404373680163
NH4_HY_NiI3,1.87409640459403
DiMA_Py_TeCl3,1.87410681629498
DiEA_i-BuA_FeI3,1.87490949410232
FA_i-BuA_FeI3,1.87511809970799
FA_i-PA_NiI3,1.87511993802283
EA_TriMA_NiI3,1.87546092599732
NH4_Py_FeI3,1.87549466413295
FM_FA_NiI3,1.87555063622043
FA_TriMA_CoI3,1.87585083227714
TriMA_Cs_ZrI3,1.87600249602188
TetraMA_GUA_NiI3,1.87607461430361
TetraMA_GUA_CoI3,1.87623162755013
HA_TetraMA_NiI3,1.87634191053532
FA_Py_ZrBr3,1.87642378788207
DiMA_GUA_FeI3,1.87653718843514
EA_GUA_FeI3,1.87653718843514
DiMA_i-BuA_SnI3,1.87654017904151
EA_i-BuA_SnI3,1.87654017904151
EA_i-PA_NiI3,1.8769061795413
FA_TetraMA_FeI3,1.87719410207121
FA_TroP_HfCl3,1.87726305725187
FA_i-PA_CoI3,1.87729608582111
i-PA_GUA_FeI3,1.87734492054493
DiMA_Az_FeI3,1.87776523243509
EA_Az_FeI3,1.87776523243509
Cs_i-BuA_InBr3,1.87788100628388
FM_EA_HfBr3,1.87791574207207
i-PA_GUA_CoI3,1.87795029088085
TetraMA_i-PA_FeI3,1.8779930477503
IM_TiZ_ZrBr3,1.87831307785425
EA_Py_TeCl3,1.87850093277012
FA_HA_CuCl3,1.87869160767849
FM_AA_FeI3,1.87872512230666
NH4_TroP_HfCl3,1.87911576392416
3-Py_GUA_NiI3,1.87921517618859
Az_MA_FeI3,1.87931598859156
EA_DiMA_CoI3,1.87952527797459
FA_HY_CuCl3,1.87992495556657
PhA_GUA_HfCl3,1.88002468878924
FM_DiMA_HfBr3,1.88004504151053
FA_IM_FeI3,1.88004894292481
NH4_TroP_ZrCl3,1.88005738148289
EA_NH4_NiI3,1.88009394384601
FA_TriMA_FeI3,1.88055166619158
NH4_Az_HfBr3,1.88068216721663
NH4_Az_NiI3,1.88073229515909
TriMA_AA_FeI3,1.88099821249393
TetraMA_HY_NiI3,1.88104096739562
DiMA_AA_FeI3,1.88108428761118
HA_Py_FeI3,1.88112601657216
FA_i-PA_FeI3,1.88199691973555
FM_NH4_FeI3,1.8826503012016
FA_HA_FeI3,1.88271822848469
IM_MA_HfCl3,1.88291926454573
i-PA_DiMA_NiI3,1.88299653864341
PhA_AA_FeI3,1.88300022489241
DiEA_Py_FeBr3,1.88302390917743
HA_MA_NiI3,1.8831642506003
HA_HY_NiI3,1.8831768923655
DiEA_TiZ_HgBr3,1.88318473719952
HY_MA_NiI3,1.88321950732378
DiMA_MA_ZrI3,1.88324195079892
3-Py_FM_NiI3,1.88346425286255
PhA_IM_NiI3,1.88351969373964
3-Py_PhA_FeI3,1.88374294696594
HA_Py_NiI3,1.88383682835788
NH4_TiZ_NiI3,1.88405798242877
EA_NH4_ZrI3,1.88479009914002
3-Py_MA_FeI3,1.88481183776277
IM_AA_FeI3,1.88487156067831
NH4_GUA_NiI3,1.8850029211308
i-PA_HY_NiI3,1.88512580418113
NH4_Az_FeI3,1.88581455640004
DiEA_i-BuA_CoI3,1.88594875831502
TriMA_NH4_ZrI3,1.88609977594337
TriMA_MA_CoI3,1.88620397338935
TriMA_HY_FeI3,1.88658480858773
GUA_IM_HfBr3,1.8867604550096
HA_AA_FeI3,1.88713425645237
FM_TroP_HgBr3,1.8872598522721
3-Py_FA_FeI3,1.88739653232082
EA_MA_ZrI3,1.8874062771304
i-PA_AA_TeCl3,1.88742792303341
PhA_AA_CoI3,1.88753070601141
PhA_TroP_HgI3,1.88759000069487
FM_MA_FeI3,1.88784947004762
FA_IM_CoI3,1.88792197686967
FA_i-BuA_SnI3,1.88810921756663
NH4_IM_NiI3,1.88814819127227
HY_TiZ_FeI3,1.88830676698861
FA_Az_NiI3,1.8890296106028
TroP_Py_TeCl3,1.88903129671344
i-BuA_AA_PbI3,1.8894968653654
NH4_TiZ_FeI3,1.88950138826065
TriMA_Az_FeI3,1.88950525271554
Cs_GUA_TeCl3,1.88953083096888
FA_NH4_FeI3,1.88966670306195
TetraMA_IM_ZrBr3,1.88979387189086
TriMA_i-PA_FeI3,1.88984435711146
NH4_DiMA_NiI3,1.88990486103014
TetraMA_NH4_TeCl3,1.8899635177921
HA_IM_NiI3,1.88998922238768
HA_TriMA_NiI3,1.89009154904034
FM_HY_ZrBr3,1.89024016209692
TriMA_DiMA_FeI3,1.8903014100204
PhA_TroP_WCl3,1.89096915828931
Cs_PhA_CuCl3,1.89108698591929
HA_i-PA_NiI3,1.89153680258431
FM_DiMA_FeI3,1.89162011872362
FM_EA_FeI3,1.89162011872362
i-BuA_TiZ_CoI3,1.89170746812458
DiMA_MA_PbI3,1.89187026268715
MA_TiZ_FeI3,1.89209236213319
TroP_TiZ_GaBr3,1.89226973432862
FM_GUA_FeI3,1.89235330993906
HY_IM_FeI3,1.89265866485295
FM_TetraMA_FeI3,1.89268400572818
3-Py_DiMA_FeI3,1.89277540688651
3-Py_EA_FeI3,1.89277540688651
TroP_AA_MoCl3,1.89290236146892
TroP_Az_GaBr3,1.89291941888566
TetraMA_NH4_FeI3,1.89320596180641
EA_HY_FeI3,1.89334308993403
FA_NH4_NiI3,1.89340889052008
IM_AA_HfCl3,1.89350238176993
HY_AA_FeI3,1.89361423410694
TroP_Az_SnBr3,1.89406970298138
TriMA_MA_FeI3,1.89414883470658
NH4_AA_CoI3,1.89415104139265
EA_NH4_FeI3,1.89423484654661
TetraMA_MA_FeI3,1.89430685361693
AA_Py_HfCl3,1.89475933412948
GUA_Py_HfCl3,1.89496325957686
HA_i-PA_CoI3,1.8951735242978
FM_HY_FeI3,1.89598302240566
DiEA_Az_PbI3,1.89598676691773
HY_Az_FeI3,1.89604431718442
FM_IM_NiI3,1.89619167967069
FM_Py_FeI3,1.89633268394505
TroP_MA_GaBr3,1.8967416086933
DiEA_FA_NiI3,1.89694828313279
3-Py_TriMA_FeI3,1.89704365955146
FM_MA_HfBr3,1.89706429933376
i-BuA_Az_WCl3,1.89715324775142
HY_DiMA_FeI3,1.8971816334126
FA_HY_FeI3,1.89722933963856
TetraMA_TiZ_NiI3,1.89729350557952
3-Py_i-PA_FeI3,1.89848891309544
i-PA_AA_NiI3,1.89849568296173
DiEA_GUA_NiI3,1.89877960201964
FM_TetraMA_ZrBr3,1.89906961910589
FM_FA_FeI3,1.89976471961523
DiEA_Py_HgBr3,1.89979305879208
FM_TiZ_NiI3,1.90003191805451
TroP_i-BuA_GaI3,1.9000394698509
i-BuA_Py_HgBr3,1.90005871724061
TriMA_MA_NiI3,1.90031213409152
HA_Az_FeI3,1.90042918426195
TetraMA_GUA_FeI3,1.90046698986885
AA_TiZ_HfCl3,1.90065843779376
TetraMA_HY_FeI3,1.90103081481295
EA_HA_FeI3,1.90128746023667
i-BuA_TiZ_FeI3,1.90258359390421
DiEA_TetraMA_HgBr3,1.90262903433467
i-BuA_Py_HfBr3,1.90281156352966
DiEA_NH4_TeCl3,1.90315306064577
HA_DiMA_FeI3,1.90372528067218
NH4_DiMA_FeI3,1.90372936789842
PhA_IM_CoBr3,1.9037934634037
3-Py_HY_FeI3,1.90403113502051
3-Py_TetraMA_ZrBr3,1.90403380292341
HA_NH4_CuCl3,1.90404986162068
FM_Az_FeI3,1.90441508777496
TroP_i-BuA_HfBr3,1.90442259193492
NH4_PhA_CoI3,1.90505394292564
PhA_DiMA_ZrBr3,1.90513795841457
i-PA_HY_ZrI3,1.9056693452103
TriMA_Cs_HfI3,1.90576242162964
i-PA_AA_FeI3,1.90633170051119
3-Py_HA_NiI3,1.90637825018616
EA_PhA_CoI3,1.90639516515281
NH4_MA_NiI3,1.90739730085607
HA_NH4_CoI3,1.90744884498154
EA_DiMA_NiI3,1.90764560381482
TriMA_HY_ZrI3,1.90781312751106
EA_TriMA_FeI3,1.90809928539156
HA_TroP_HfCl3,1.90860995398823
HA_TiZ_NiI3,1.9089194861606
HA_GUA_FeI3,1.90892740708343
GUA_TroP_FeBr3,1.90896826260069
DiEA_IM_ZrBr3,1.90928655176493
EA_i-PA_FeI3,1.90954453893554
EA_AA_FeI3,1.90957790722447
EA_DiMA_FeI3,1.9098991804651
3-Py_GUA_FeI3,1.91008692630876
FA_TiZ_FeI3,1.91023083756903
NH4_i-PA_FeI3,1.91061928134631
FA_TroP_GaBr3,1.91071102522476
NH4_GUA_FeI3,1.91083740882679
FA_MA_CoI3,1.91109733863618
DiEA_TetraMA_SnI3,1.91123691188572
DiEA_GUA_HgBr3,1.91141966337863
i-PA_MA_CoI3,1.91153746140661
NH4_IM_FeI3,1.91169509056415
NH4_i-PA_NiI3,1.91181427247992
3-Py_HA_ZrBr3,1.91188280080596
i-PA_HY_FeI3,1.91191829660499
MA_TiZ_NiI3,1.91253410184422
HA_i-BuA_FeI3,1.9125848863107
DiEA_Az_WCl3,1.91270967771148
PhA_IM_FeBr3,1.91307687510027
HY_MA_FeI3,1.9130955942212
HA_TiZ_CoI3,1.9135635313768
Cs_i-BuA_MoBr3,1.91398233788755
3-Py_Py_FeBr3,1.91477626486412
HA_IM_FeI3,1.9150336888074
PhA_DiMA_HfBr3,1.91510775735979
3-Py_HA_FeI3,1.91535635608867
TetraMA_TiZ_TeCl3,1.91538168123467
NH4_MA_HfBr3,1.91545385427324
i-PA_DiMA_FeI3,1.91563489803766
HA_TiZ_FeI3,1.91613352400496
3-Py_FM_FeI3,1.91614357196399
Cs_GUA_CuCl3,1.91682313289369
3-Py_NH4_FeI3,1.91709875757592
3-Py_TetraMA_HfI3,1.91751848364373
i-PA_Py_HfCl3,1.91827434564406
DiEA_IM_HfBr3,1.91882099419673
HY_i-BuA_FeI3,1.9191204982435
i-PA_MA_FeI3,1.91948232272383
HA_MA_FeI3,1.91954269922067
3-Py_Az_WCl3,1.91961866531704
FM_NH4_NiI3,1.92038785905618
TroP_AA_HfCl3,1.92068650100734
i-BuA_Py_ZrBr3,1.92091948880164
3-Py_NH4_NiI3,1.92103369584554
HA_TroP_FeBr3,1.92109930022925
FA_Py_HfCl3,1.92116167467213
DiEA_DiMA_NiBr3,1.92173111415587
FM_Cs_HgBr3,1.92176842073198
HA_TetraMA_FeI3,1.92274906713615
3-Py_HY_NiI3,1.92340501177806
Cs_Py_TeCl3,1.92342578287132
FM_EA_HfCl3,1.92440919676001
DiEA_AA_PbI3,1.92446825741288
HY_GUA_HfI3,1.924591155942
HY_TroP_FeBr3,1.92460381959968
DiEA_TetraMA_InI3,1.92508037551406
i-PA_MA_NiI3,1.92564562210878
3-Py_TetraMA_HfBr3,1.92600462338543
PhA_TroP_MoCl3,1.92623819399856
DiEA_EA_PbI3,1.92644096209869
NH4_Py_CoI3,1.92694935146839
FM_TiZ_FeI3,1.92703524865508
FM_IM_FeI3,1.92747565981362
TetraMA_Py_TeCl3,1.92792305882377
DiMA_i-BuA_FeI3,1.92826464103351
EA_i-BuA_FeI3,1.92826464103351
HA_TriMA_FeI3,1.92844124495384
NH4_TroP_FeBr3,1.92888335506026
FM_Py_HfCl3,1.92895410828507
HY_GUA_CoI3,1.92977429202702
HA_i-PA_FeI3,1.92988649849781
3-Py_DiMA_HfCl3,1.93011682264616
3-Py_EA_HfCl3,1.93011682264616
i-PA_Az_FeI3,1.93124038216202
EA_HY_ZrI3,1.93131734668755
PhA_Py_GaI3,1.93148081460634
FM_TriMA_FeI3,1.93157522537691
DiEA_PhA_AgCl3,1.93165200299195
FM_TroP_FeBr3,1.93228669136623
TetraMA_IM_HfCl3,1.93237662522197
i-PA_Py_NiBr3,1.93248201702077
FM_i-PA_FeI3,1.93302047892088
3-Py_TroP_SnBr3,1.93323570401526
HA_Py_HfCl3,1.93408953571064
FA_TroP_GaI3,1.93427162235201
MA_TiZ_HfCl3,1.93438682954826
HY_IM_HfBr3,1.9349321163987
TetraMA_NH4_NiI3,1.93505932543219
i-PA_i-BuA_CoI3,1.93552896162941
TroP_IM_HgI3,1.93585477422934
HA_GUA_CoI3,1.93605611133374
DiEA_DiMA_PbI3,1.93622399414974
NH4_MA_FeI3,1.93648576060267
NH4_i-BuA_FeI3,1.93668549203696
HY_Az_CoI3,1.93689665044961
3-Py_PhA_CoI3,1.93720844534497
DiEA_TiZ_FeI3,1.93728111004576
GUA_TiZ_FeI3,1.93739946186559
HA_NH4_ZrI3,1.9383988726985
DiMA_TroP_WCl3,1.93871716563446
EA_TroP_WCl3,1.93871716563446
Cs_TroP_CuCl3,1.93916868103568
FM_AA_CoI3,1.93924133904292
FM_i-BuA_InBr3,1.93949224896725
TriMA_TetraMA_PbI3,1.9395495295978
PhA_Az_NiI3,1.93958976375731
FM_PhA_NiI3,1.9396473969884
TriMA_i-BuA_CoI3,1.93971742679451
GUA_TroP_NiBr3,1.94173411009335
FM_HA_NiI3,1.94241200157338
FM_TetraMA_CoI3,1.94261306957834
GUA_i-BuA_InBr3,1.94324278337728
PhA_Az_HgBr3,1.94331709601935
EA_HY_CoI3,1.94357226575572
TriMA_NH4_CoI3,1.94424424010271
EA_HY_HfI3,1.94428281398823
EA_PhA_HfBr3,1.94535516955136
DiEA_AA_HfI3,1.94546328182594
EA_NH4_HfI3,1.94553922559456
FA_Az_HfCl3,1.94561863677619
GUA_MA_CoI3,1.94563951553002
DiEA_Py_NiBr3,1.94572547469595
HA_NH4_HfI3,1.9467454728134
PhA_AA_HfBr3,1.94696502354249
FM_Az_CoI3,1.9470216532869
FA_TiZ_HfBr3,1.94714311831318
TetraMA_Py_NiBr3,1.94744290958371
HY_DiMA_CoI3,1.94770807327446
3-Py_i-BuA_InBr3,1.94785420996554
TroP_AA_GaI3,1.94798666480803
PhA_IM_PbI3,1.94802354377907
GUA_i-BuA_ZrI3,1.94866362344711
DiMA_IM_HfCl3,1.9487141644537
EA_IM_HfCl3,1.9487141644537
EA_NH4_CoI3,1.94885072679454
DiMA_TiZ_HfCl3,1.94926394207269
EA_TiZ_HfCl3,1.94926394207269
FM_DiMA_CoI3,1.94959043527584
FM_EA_CoI3,1.94959043527584
TriMA_IM_TeCl3,1.94995166777062
Cs_Az_TeCl3,1.95022208853841
FM_GUA_CoI3,1.95023811468385
3-Py_Py_ZrCl3,1.95044610586969
HA_GUA_HfI3,1.95075733779955
TriMA_HY_CoI3,1.95077300142903
3-Py_MA_CoI3,1.95078562834631
TroP_MA_GaI3,1.95104298082084
IM_Py_FeBr3,1.95107346508152
Py_TiZ_FeBr3,1.95110076870661
PhA_GUA_PbI3,1.9515376407004
NH4_HY_HfI3,1.95164087721952
TetraMA_IM_NiI3,1.95186473681007
IM_TiZ_HfCl3,1.95200928395276
i-BuA_TiZ_HfCl3,1.95215725630733
HA_HY_HfI3,1.95262091520826
HY_GUA_ZrI3,1.95289338082967
NH4_Az_CoI3,1.95291741076547
Cs_AA_TeCl3,1.95342601631062
FA_Cs_CuCl3,1.95346684195756
IM_Py_ZrCl3,1.9536675683942
DiEA_Cs_HfI3,1.95532002840986
FM_MA_CoI3,1.95687216895469
HA_i-BuA_InBr3,1.95687889485471
Cs_TroP_TeCl3,1.95708905047023
MA_TiZ_ZrBr3,1.95711695315664
3-Py_FM_CoI3,1.95727520725269
FM_FA_CoI3,1.95782064219165
Cs_PhA_TeCl3,1.95802244286834
FA_HA_CoI3,1.95818149272962
DiEA_TroP_WCl3,1.95836652806182
Cs_IM_NiI3,1.9584343441284
TetraMA_i-PA_PbI3,1.95848407122879
Az_MA_CoI3,1.95859092216015
FA_TroP_FeBr3,1.95861896762593
NH4_DiMA_CoI3,1.95864251218652
3-Py_TiZ_NiBr3,1.95913947497968
NH4_PhA_InI3,1.95926557631996
DiEA_HA_PbI3,1.95953645930797
PhA_GUA_SnI3,1.95989749271076
3-Py_NH4_CoI3,1.96010724291705
FM_HY_CoI3,1.96065837557773
3-Py_DiMA_ZrBr3,1.96083642881989
3-Py_EA_ZrBr3,1.96083642881989
FM_HA_FeI3,1.96122086219653
PhA_DiMA_NiBr3,1.96161858780293
FA_TroP_ZrCl3,1.96180977177272
NH4_Az_HfCl3,1.96221596819482
HY_PhA_HfCl3,1.96233882460445
TetraMA_TiZ_FeI3,1.96273078596678
3-Py_MA_HfBr3,1.96302839535997
GUA_TroP_WCl3,1.96318084519341
TriMA_TetraMA_NiBr3,1.96383398603863
FM_i-BuA_FeI3,1.96389563393602
DiEA_PhA_InI3,1.96442025738642
FM_Py_CoI3,1.964805685955
TriMA_TiZ_HfCl3,1.96494764664597
i-PA_PhA_FeI3,1.9650253325899
HA_AA_CoI3,1.96576144989827
NH4_HY_HfBr3,1.96629776300746
NH4_TiZ_CoI3,1.96650448160493
Cs_PhA_FeI3,1.9669163155659
FA_AA_HfBr3,1.96699624163104
DiMA_i-BuA_InBr3,1.96714843159987
EA_i-BuA_InBr3,1.96714843159987
HY_TroP_ZrCl3,1.96739054983749
TetraMA_GUA_HfI3,1.9677200798185
FM_TroP_ZrCl3,1.9679668445009
3-Py_HY_CoI3,1.96809149531595
Cs_i-PA_TeCl3,1.96841464908549
TriMA_TroP_HfCl3,1.96854955056778
PhA_TroP_HfCl3,1.96889186684053
TriMA_PhA_FeI3,1.969213797755
HY_AA_CoI3,1.96962042837484
TriMA_TetraMA_TeCl3,1.96970750721153
PhA_TiZ_ZrBr3,1.96972548432742
NH4_i-BuA_TeCl3,1.9702074382735
TetraMA_NH4_CoI3,1.97025792580115
HA_NH4_FeBr3,1.97041237429143
FM_TroP_GaI3,1.97084807574404
FA_IM_HfBr3,1.9718796064852
TetraMA_PhA_FeI3,1.97218166499633
HY_IM_CoI3,1.97235559728723
DiEA_i-BuA_InI3,1.97276464051848
i-PA_Py_FeBr3,1.97298531173479
FA_NH4_CoI3,1.97301535488401
FM_i-PA_CoI3,1.97372057004976
HY_MA_HgBr3,1.97386074953339
TetraMA_IM_FeI3,1.97387470879216
TriMA_Py_FeBr3,1.9750221551168
Az_MA_HfBr3,1.97532812439797
PhA_AA_PbI3,1.97535256072561
HA_Az_HfCl3,1.97546647183826
Cs_DiMA_TeCl3,1.97578289024711
Cs_MA_NiI3,1.97606167347437
i-PA_HY_CoI3,1.97610648944629
Cs_i-PA_HfI3,1.97621519446218
HA_HY_CuCl3,1.97627743288263
IM_i-BuA_InBr3,1.97686147443845
HA_Az_CoI3,1.97763374601541
EA_HA_CoI3,1.97800638637988
3-Py_TiZ_FeI3,1.97809867313562
i-BuA_TiZ_NiBr3,1.9783209184986
FA_HY_CoI3,1.97840371641631
TetraMA_HY_CoI3,1.97842449264325
3-Py_HA_CoI3,1.97916423133639
TetraMA_TroP_GeI3,1.97958973376872
TriMA_Py_NiBr3,1.97962408829559
NH4_IM_CoI3,1.97965702737272
DiMA_TroP_MoCl3,1.97997827232822
EA_TroP_MoCl3,1.97997827232822
HY_PhA_ZrBr3,1.98036590220937
HA_GUA_ZrI3,1.98037388007257
HY_Py_ZrBr3,1.98056520436936
HA_DiMA_CoI3,1.98074147085557
DiEA_TroP_MoCl3,1.98129649927491
TetraMA_Az_NiBr3,1.98175429939187
DiEA_IM_NiI3,1.9822203757594
HY_TroP_NiBr3,1.98236237312285
TetraMA_i-PA_NiBr3,1.98252222859588
NH4_MA_CoI3,1.98326967159921
HA_HY_CoI3,1.98426886516486
GUA_TroP_CoBr3,1.98476374972447
AA_MA_HfCl3,1.98485075467978
NH4_i-PA_CoI3,1.98522491628119
TroP_IM_HfCl3,1.98650017467599
NH4_i-PA_ZrI3,1.98737249437658
FM_DiEA_WBr3,1.98757571124778
DiEA_TiZ_NiI3,1.98764318627757
i-PA_IM_TeCl3,1.98779819590648
HY_PhA_FeI3,1.9878044735111
FM_TriMA_CoI3,1.98882082686415
NH4_TiZ_HfCl3,1.988824980897
Cs_i-PA_ZrI3,1.98968092257363
NH4_HY_FeBr3,1.98987231593339
TetraMA_TroP_WCl3,1.9908487294152
FM_NH4_CoI3,1.99086775032688
TetraMA_NH4_PbI3,1.99151130080994
DiEA_AA_ZrI3,1.99156500149285
FA_TroP_NiBr3,1.99219163015338
DiMA_TroP_HgI3,1.9924007251255
HA_TriMA_ZrI3,1.99363138443626
HY_MA_CoI3,1.99367651773681
DiMA_TroP_ZrCl3,1.99387101799339
EA_TroP_ZrCl3,1.99387101799339
DiEA_MA_PbI3,1.99402347521645
Cs_Py_NiI3,1.99416021103623
TetraMA_TroP_HfCl3,1.9945045881881
Cs_HY_CuCl3,1.99464367774186
HA_IM_CoI3,1.99473062124168
FA_GUA_FeI3,1.99485914487901
HA_i-PA_ZrI3,1.99507663798023
HY_TroP_CoBr3,1.99530958962316
3-Py_i-BuA_HfBr3,1.99544035221173
PhA_Az_NiBr3,1.99554294528169
FA_GUA_NiI3,1.99556494141281
FA_GUA_CoI3,1.99561206317532
EA_TroP_HgI3,1.99567461396873
HA_AA_NiI3,1.99600829793145
NH4_GUA_CoI3,1.9960483310764
DiEA_IM_CoBr3,1.99633018487271
Az_Py_FeBr3,1.99639106077995
Cs_Az_FeI3,1.99669760405795
i-BuA_AA_HfI3,1.99684377557261
TetraMA_Az_WCl3,1.9969363544695
FA_i-BuA_CoI3,1.9973557443038
HA_HY_FeBr3,1.99748683076964
DiMA_i-BuA_CoI3,1.99777234493338
EA_i-BuA_CoI3,1.99777234493338
DiMA_GUA_ZrI3,1.99798236944026
EA_GUA_ZrI3,1.99798236944026
IM_MA_ZrBr3,1.99800292253201
EA_FA_HfCl3,1.99822475164421
3-Py_Cs_FeI3,1.99851285752608
Cs_DiMA_NiI3,1.99930413605869
HA_TroP_CoBr3,2.00025328236781
TroP_MA_PtCl3,2.0006694517076
HA_MA_CoI3,2.00096942209761
FM_IM_CoI3,2.00100200245387
TriMA_TroP_WCl3,2.00126183906799
TroP_i-BuA_CoBr3,2.00134268019381
NH4_DiMA_ZrI3,2.00162093083618
FM_TiZ_CoI3,2.0020952487972
3-Py_Az_FeBr3,2.00379609803146
PhA_TiZ_FeBr3,2.00399206766863
HA_PhA_NiI3,2.00437014439434
TroP_MA_MoCl3,2.00475320671786
Py_TiZ_NiBr3,2.00498347290795
HA_i-BuA_CoI3,2.00500193304397
GUA_i-BuA_FeI3,2.00511892599941
FM_Cs_CoI3,2.00531231528678
PhA_Az_MoCl3,2.00548048181627
i-BuA_AA_NiI3,2.00568033448992
Cs_IM_FeI3,2.00588201883156
3-Py_i-BuA_PbI3,2.00613656575876
HA_PhA_TeCl3,2.00630564831019
HY_i-BuA_InBr3,2.00633807388817
FA_Cs_NiI3,2.00646668036649
DiEA_HA_TeCl3,2.00665276211248
NH4_HY_CuCl3,2.00671649358967
HA_TetraMA_CoI3,2.00687464771471
3-Py_TriMA_WCl3,2.00691511766394
PhA_IM_NiBr3,2.00696021811287
3-Py_Cs_NiI3,2.00739418389746
TroP_AA_FeBr3,2.00745599845813
HA_TriMA_CoI3,2.00752853369564
DiEA_PhA_FeI3,2.007799276606
TriMA_TroP_GeI3,2.00793568906578
GUA_i-BuA_SnI3,2.00809691529502
i-PA_TroP_WCl3,2.00831977181571
3-Py_i-PA_WCl3,2.00836037120791
Cs_PhA_MoBr3,2.00874976685711
Cs_GUA_FeI3,2.00881236924674
DiEA_Cs_HgBr3,2.00917550658475
HY_TroP_WCl3,2.00964787564474
i-BuA_Az_NiBr3,2.01039939174213
PhA_GUA_ZrBr3,2.01130916665053
DiEA_TiZ_MoCl3,2.01132312365959
HA_TroP_GaBr3,2.01258420652143
Cs_Az_NiI3,2.01267381282222
FM_HA_CoI3,2.01271587902874
HA_Py_ZrBr3,2.01286515840143
PhA_AA_NiI3,2.01298237199027
TetraMA_Py_FeBr3,2.01359232618778
HA_TroP_NiBr3,2.01390550592651
Cs_DiMA_FeI3,2.01406026529837
FA_Az_ZrBr3,2.01437220566837
Cs_i-PA_NiI3,2.01495995076825
DiEA_EA_NiBr3,2.01499907458023
FA_DiMA_HfCl3,2.0151250966023
DiEA_Cs_TeCl3,2.01513390688119
AA_Az_HfBr3,2.01530357908357
3-Py_i-BuA_FeI3,2.01544636906786
Py_TiZ_SnBr3,2.01549769119588
DiEA_i-PA_CoBr3,2.01566027728547
PhA_AA_WCl3,2.01600329462655
TriMA_TiZ_TeCl3,2.01630093051372
FA_TetraMA_ZrI3,2.01637449713431
TetraMA_TroP_MoCl3,2.01687428011594
EA_Cs_NiI3,2.01694276537637
TroP_AA_NiBr3,2.01720358849976
FM_IM_HfCl3,2.01769321572473
i-PA_AA_ZrI3,2.01791736624833
TroP_i-BuA_HgBr3,2.01816237644653
TriMA_Py_TeCl3,2.01827637526633
TetraMA_Cs_NiI3,2.01920838289535
3-Py_MA_ZrBr3,2.01940405013503
Cs_i-PA_FeI3,2.02002686238957
TriMA_Cs_NiI3,2.02048206005202
DiEA_AA_NiBr3,2.02063922657965
IM_TiZ_TeCl3,2.02083193168909
3-Py_i-PA_HfCl3,2.02092665458197
FM_NH4_GaI3,2.02093935669405
HY_i-BuA_SnI3,2.02160033448474
FM_DiEA_MoBr3,2.02165152428446
PhA_Py_WCl3,2.02186631965783
PhA_Az_ZrBr3,2.02230021807253
TriMA_AA_ZrI3,2.02231141732163
3-Py_NH4_ZrCl3,2.02232816648788
TriMA_TetraMA_InBr3,2.02262384430478
3-Py_TetraMA_GaI3,2.02263126768879
DiMA_TroP_SnBr3,2.02333106677366
EA_TroP_SnBr3,2.02333106677366
TetraMA_i-BuA_FeI3,2.02334816031895
DiEA_TroP_HgI3,2.02403369487761
IM_Py_CoBr3,2.02434962301979
HA_HY_ZrI3,2.02503957125012
PhA_TiZ_HfBr3,2.02548359670903
i-PA_PhA_CoI3,2.02577907524279
HA_i-BuA_SnI3,2.02593081503294
TetraMA_IM_NiBr3,2.02639905232753
TetraMA_Cs_TeCl3,2.02727728786141
TetraMA_i-BuA_CoI3,2.02865877310446
DiEA_EA_PtCl3,2.0287682696718
GUA_i-BuA_PbI3,2.02908547319087
NH4_TroP_GaBr3,2.02912468470678
GUA_Az_HfCl3,2.02984851196376
GUA_i-BuA_TeCl3,2.02998301648967
IM_Py_NiBr3,2.03001997596602
HY_TiZ_HfBr3,2.03002957085464
Cs_AA_NiI3,2.0308573019617
TetraMA_MA_SnBr3,2.03169205500728
HY_i-BuA_CoI3,2.03202517599309
TroP_Py_MoCl3,2.03221743513983
HY_DiMA_ZrI3,2.03330024642601
3-Py_TriMA_HfCl3,2.03412698019887
NH4_Az_ZrBr3,2.03417634289808
HA_TroP_GaI3,2.03426483390892
TroP_TiZ_MoCl3,2.03435229433256
HY_IM_HfCl3,2.03436358585686
DiEA_Py_CoBr3,2.03462312180122
Cs_i-BuA_HgBr3,2.03469181906543
IM_Py_SnBr3,2.03501215017963
PhA_IM_HfBr3,2.03543133722395
PhA_MA_FeBr3,2.03557818063117
Az_Py_WCl3,2.03559849692079
TroP_Py_WCl3,2.03639874633798
3-Py_IM_NiBr3,2.03656628734829
GUA_TroP_GaI3,2.03731383432882
Cs_NH4_NiI3,2.03841192749749
Cs_TroP_GaI3,2.0385909896967
3-Py_i-BuA_CoI3,2.03916940514544
GUA_i-BuA_CoI3,2.03920477459186
Cs_GUA_NiI3,2.03928072823162
FA_TroP_CoBr3,2.03966491475811
NH4_i-BuA_ZrI3,2.03966584499814
DiEA_TriMA_CoBr3,2.04006609783188
DiMA_MA_FeBr3,2.04012894970103
EA_MA_FeBr3,2.04012894970103
TriMA_TroP_MoCl3,2.04050785232664
i-PA_TroP_MoCl3,2.04085242424335
Cs_AA_FeI3,2.04184535643462
HY_DiMA_HfI3,2.04193075622973
FM_i-BuA_CoI3,2.04221669817878
DiEA_HY_PbI3,2.0425532120813
FM_NH4_ZrBr3,2.04281060239902
i-BuA_AA_ZrI3,2.04294549523953
i-BuA_Py_FeBr3,2.04380902387107
DiEA_PhA_CoI3,2.04393210432504
DiEA_HA_HfBr3,2.04444628877331
TriMA_Cs_FeI3,2.04469463547056
DiEA_NH4_ZrI3,2.04473136873188
NH4_DiMA_HfI3,2.04485014181941
FA_Cs_TeCl3,2.04501972571893
DiEA_HY_HfBr3,2.0452900952615
EA_PhA_FeI3,2.04575051937485
i-PA_Py_TeCl3,2.04667874364592
HY_PhA_CoI3,2.04675748342033
NH4_i-BuA_InBr3,2.04698937029274
TetraMA_AA_HfI3,2.04741444542059
TriMA_Py_CoBr3,2.04811279869335
FA_Cs_CoI3,2.04831022400446
3-Py_Cs_CoI3,2.04921411630465
TroP_IM_MoCl3,2.04959272619336
FA_PhA_HfCl3,2.04962780336107
HY_TroP_GaBr3,2.0499946734166
AA_Az_ZrBr3,2.05038976523882
FA_DiMA_GaI3,2.05078638378978
TetraMA_DiMA_SnBr3,2.0514640614257
TroP_Az_GeI3,2.05160199984099
Cs_Py_FeI3,2.05181026610256
Cs_PhA_HfCl3,2.05214716305527
3-Py_GUA_ZrCl3,2.05231297036826
NH4_MA_GaI3,2.05251280931385
TriMA_MA_GaI3,2.05256795342911
GUA_IM_HfCl3,2.0532363424561
NH4_PhA_NiI3,2.05327524392948
3-Py_i-PA_ZrI3,2.05332046592717
GUA_AA_HfBr3,2.05336546548207
PhA_AA_CoBr3,2.05369761037122
TriMA_NH4_FeBr3,2.05419595535893
DiEA_DiMA_PtCl3,2.05461934376219
TriMA_Cs_TeCl3,2.05463013411683
PhA_MA_WCl3,2.0547780687205
TetraMA_NH4_GaI3,2.05509384519155
3-Py_TriMA_NiBr3,2.05530820909291
DiEA_GUA_NiBr3,2.05632406749958
TetraMA_Cs_FeI3,2.05644752238284
3-Py_i-PA_NiBr3,2.05675346263688
TroP_MA_SnBr3,2.05765397931998
Cs_PhA_CoI3,2.05826796407352
i-BuA_MA_NiBr3,2.0586728266353
i-PA_Py_CoBr3,2.05868772132714
3-Py_i-PA_HfI3,2.05902498043908
i-PA_TiZ_HfCl3,2.05924586343016
TroP_TiZ_WCl3,2.05927647382056
EA_TetraMA_SnBr3,2.06028736982298
PhA_i-BuA_NiI3,2.06076240822497
FA_Py_NiBr3,2.06076263877199
i-BuA_AA_WCl3,2.06115719918215
Cs_NH4_GeI3,2.06117714635265
DiEA_AA_WCl3,2.06127293413298
TetraMA_Py_WCl3,2.06190231271526
FM_TetraMA_HfCl3,2.06217507000899
DiEA_TriMA_NiBr3,2.06238844121388
TriMA_NH4_GaI3,2.06241912554616
i-PA_TiZ_TeCl3,2.06244307209956
TroP_TiZ_PtCl3,2.06277494184204
DiMA_MA_GaI3,2.06287994136882
EA_MA_GaI3,2.06287994136882
FM_DiEA_FeI3,2.06295996715378
DiEA_PhA_HfBr3,2.06330380580777
3-Py_TetraMA_FeBr3,2.06348059536963
DiEA_TroP_HfCl3,2.06381992922896
DiEA_i-PA_NiBr3,2.06383369475786
3-Py_TroP_WCl3,2.06407879884586
FM_AA_HfCl3,2.06412462405497
EA_FA_GaI3,2.06445276332573
HA_i-BuA_HgBr3,2.06447189445316
TetraMA_Py_GaI3,2.06450372286577
IM_Py_WCl3,2.0645668572249
i-PA_Az_ZrI3,2.0646280000556
FM_GUA_HfBr3,2.06485837315999
3-Py_IM_FeBr3,2.06526577520538
DiEA_TiZ_CoBr3,2.06633191024061
TriMA_TroP_SnBr3,2.06644581037086
IM_TiZ_WCl3,2.06658948712212
GUA_Az_ZrBr3,2.06687025220894
EA_NH4_FeBr3,2.0671646697798
HA_TroP_WCl3,2.06722771138686
DiEA_Cs_CuCl3,2.06732079979171
3-Py_Py_GaI3,2.06756965420526
DiEA_TiZ_FeBr3,2.06817331708317
TroP_AA_WCl3,2.06835440595082
HA_IM_HfBr3,2.06848162349997
3-Py_TroP_MoCl3,2.06872783306331
TriMA_Az_ZrI3,2.06902205112891
EA_Cs_TeCl3,2.06913538669701
i-PA_PhA_MoCl3,2.06967750583229
3-Py_TriMA_ZrI3,2.07079881283504
3-Py_Az_NiBr3,2.07094669859551
Az_Py_CoBr3,2.0711548896687
EA_IM_NiBr3,2.07173225853755
HA_IM_HfCl3,2.0721728101986
GUA_Py_NiBr3,2.07226628655103
FA_TiZ_GaI3,2.07256593301768
3-Py_TetraMA_HfCl3,2.07294529352725
TriMA_MA_SnBr3,2.07305078665015
IM_i-BuA_SnI3,2.0733829868101
DiMA_IM_NiBr3,2.07355988746492
FM_TiZ_HfCl3,2.07440875530472
DiEA_TetraMA_CoBr3,2.07443546271761
DiEA_TetraMA_PbI3,2.0747317602536
TroP_MA_GeI3,2.07479816625256
FA_NH4_HfBr3,2.07519629680637
3-Py_FM_ZrCl3,2.07523913383906
TroP_IM_WCl3,2.07557406051844
i-PA_Az_NiBr3,2.07562090874698
NH4_DiMA_FeBr3,2.07601094824303
EA_TetraMA_NiBr3,2.07628757330815
3-Py_TriMA_HfI3,2.07650332734695
TetraMA_DiMA_NiBr3,2.0765766516567
3-Py_IM_CoBr3,2.0770560578992
FA_i-BuA_PbI3,2.07706934825654
HY_PhA_TeCl3,2.07880361754406
NH4_TroP_GaI3,2.07951774480199
PhA_Py_MoCl3,2.07964247198997
DiEA_MA_NiBr3,2.07972757425623
DiMA_MA_GaBr3,2.07974961265781
EA_Cs_FeI3,2.08091266483298
Cs_DiMA_CoI3,2.08147370637138
IM_Az_GaI3,2.08161323547518
TetraMA_AA_NiBr3,2.08213745082787
3-Py_TiZ_CoBr3,2.08223509897005
GUA_TiZ_NiBr3,2.08229086198636
3-Py_Az_CoBr3,2.08246564557032
TetraMA_Az_GaI3,2.08265690230208
NH4_i-PA_FeBr3,2.0832407117134
TriMA_Az_NiBr3,2.0838797110312
i-BuA_Py_CoBr3,2.08425360014298
IM_i-BuA_PbI3,2.0843459124592
DiMA_AA_SnBr3,2.08447218910258
TetraMA_Py_CoBr3,2.08472753866027
Cs_Az_CoI3,2.0851286856036
Py_TiZ_CoBr3,2.08522352287965
GUA_TiZ_GaI3,2.0870295909511
i-PA_TroP_SnBr3,2.08719410819172
TetraMA_PhA_HfBr3,2.08724037136423
Az_TiZ_GaI3,2.08724110942506
GUA_TroP_SnBr3,2.0877325228823
PhA_TiZ_WCl3,2.08819214368461
AA_MA_GaI3,2.08853344902612
FM_Cs_NiI3,2.08876882347976
DiEA_IM_MoCl3,2.08923011228281
3-Py_IM_GaI3,2.09012444753056
GUA_IM_GaI3,2.09058847323788
EA_PhA_ZrBr3,2.09060711041312
IM_Py_GaI3,2.09063711917506
Cs_i-PA_CoI3,2.091329587099
i-BuA_AA_NiBr3,2.0919163711228
TetraMA_Py_ZrCl3,2.09202451194234
EA_Cs_ZrI3,2.09204825831463
FM_TroP_PtCl3,2.09208567514663
NH4_HY_ZrBr3,2.0924076141285
GUA_Py_FeBr3,2.09252691946969
TetraMA_AA_ZrI3,2.0935161650875
EA_NH4_GaI3,2.09430395795103
NH4_Py_ZrCl3,2.0949284308782
Cs_IM_CoI3,2.09591234717196
DiEA_i-PA_WCl3,2.09596441234608
PhA_IM_ZrBr3,2.09619534422918
FM_PhA_FeBr3,2.09630639277443
EA_AA_SnBr3,2.09648907429748
NH4_TroP_PdCl3,2.09650500391336
TriMA_PhA_CoI3,2.09656202699238
GUA_MA_HfBr3,2.09683708574416
Cs_NH4_FeI3,2.09684115534104
3-Py_IM_GaBr3,2.09808885486926
DiEA_FA_NiBr3,2.0980978977342
Py_TiZ_HfCl3,2.0981568019342
HY_MA_GaI3,2.09820448678078
i-BuA_Py_GaI3,2.09962527753072
FA_i-BuA_TeCl3,2.09962543459228
GUA_IM_ZrBr3,2.09987905763002
HA_MA_FeBr3,2.09989903110604
GUA_TiZ_ZrBr3,2.10005675097396
FA_HY_GaI3,2.10060585787993
3-Py_TriMA_FeBr3,2.10081288915221
HA_HY_NiBr3,2.10081521398654
Py_MA_WCl3,2.10116317166365
TriMA_MA_ZrI3,2.10136199064883
FA_IM_GaI3,2.10148562264731
PhA_GUA_MoCl3,2.10152357084974
3-Py_PhA_HgBr3,2.10158712814719
NH4_Az_FeBr3,2.10187405199011
3-Py_i-PA_FeBr3,2.10225814269618
Py_TiZ_TeCl3,2.10254872351506
FM_MA_FeBr3,2.10275054780915
NH4_i-BuA_HgBr3,2.10283917823281
TriMA_AA_NiBr3,2.10316594244457
FA_IM_HfCl3,2.10318157133558
DiMA_i-BuA_PbI3,2.10370276691387
EA_i-BuA_PbI3,2.10370276691387
FM_TriMA_HfBr3,2.10394894868838
FA_Az_GaI3,2.10403572161484
HA_TiZ_HfCl3,2.10429204423328
TriMA_DiMA_SnBr3,2.10556019407978
FM_TroP_NiBr3,2.10559167203403
FA_AA_GaI3,2.10615265152638
i-BuA_TiZ_NiI3,2.10641035195
IM_TiZ_GaI3,2.10667904208035
DiEA_TriMA_WCl3,2.1066844467123
TetraMA_NH4_ZrI3,2.10675585805051
PhA_GUA_NiBr3,2.1069026108127
FA_i-BuA_HgBr3,2.10795422548821
PhA_i-BuA_PbI3,2.10819054739108
Az_MA_GaI3,2.10821024801695
i-PA_DiMA_NiBr3,2.10856914119515
FA_MA_NiBr3,2.10875391368603
3-Py_Py_CoBr3,2.10887885910423
DiEA_TetraMA_InBr3,2.10912619581415
HA_TiZ_HfBr3,2.10919446898695
HY_MA_FeBr3,2.10926590461009
TriMA_DiMA_NiBr3,2.10948268028977
Cs_GUA_CoI3,2.11049688573192
IM_AA_NiBr3,2.11058908271136
NH4_AA_NiBr3,2.11062824019911
FM_NH4_GaBr3,2.1108211865209
FM_NH4_FeBr3,2.11148412127728
TetraMA_Cs_CoI3,2.11156890426466
PhA_MA_NiBr3,2.11161295469587
TriMA_Az_SnBr3,2.11167081687625
DiMA_MA_CoBr3,2.11169562635177
EA_MA_CoBr3,2.11169562635177
i-PA_AA_NiBr3,2.11176162828825
i-PA_GUA_NiBr3,2.11201118072066
3-Py_Cs_HfBr3,2.11202906725632
TriMA_IM_NiBr3,2.1120593464731
TriMA_i-PA_SnBr3,2.11281624472407
HY_Az_GaI3,2.11316867141959
FA_PhA_NiI3,2.11360576887936
TroP_AA_CoBr3,2.113917227166
TetraMA_IM_GaI3,2.11391867753657
FA_TiZ_NiBr3,2.11398314910795
TetraMA_TiZ_NiBr3,2.1140551587556
FA_Py_FeBr3,2.11443918453686
Cs_AA_CoI3,2.11463311043315
HY_i-BuA_ZrI3,2.11484005715926
IM_i-BuA_FeI3,2.1150098727228
FA_TroP_PtCl3,2.11508323197754
DiEA_HY_NiBr3,2.11550988347674
FM_TroP_CoBr3,2.11554949053031
TriMA_Cs_CoI3,2.11602259654083
TriMA_PhA_MoCl3,2.11614269893792
TetraMA_IM_CoBr3,2.11714382453428
EA_TriMA_NiBr3,2.11730411237672
Az_TiZ_NiBr3,2.1174801211147
Cs_Py_HfBr3,2.11759916462402
EA_TetraMA_GaI3,2.11796815238606
TetraMA_TiZ_CoBr3,2.11822712856796
TetraMA_DiMA_GaI3,2.11825723073462
EA_i-PA_NiBr3,2.11874936592069
EA_DiMA_GaI3,2.11914325654197
TriMA_NH4_GaBr3,2.1193426541025
3-Py_Cs_ZrBr3,2.11978439498814
DiMA_GUA_GaI3,2.11981903106233
EA_GUA_GaI3,2.11981903106233
FM_i-PA_HfBr3,2.11989867646895
TriMA_NH4_NiBr3,2.12009120324903
FA_NH4_FeBr3,2.12009519789105
NH4_AA_GaI3,2.12038924496118
DiEA_IM_NiBr3,2.12081926706211
PhA_MA_CoBr3,2.12091695669355
TroP_Az_WCl3,2.12098899166085
Cs_i-BuA_FeI3,2.12124442823444
3-Py_TiZ_FeBr3,2.12166517532715
TetraMA_PhA_CoI3,2.12180223757195
EA_NH4_NiBr3,2.12192720470405
TetraMA_GUA_ZrI3,2.12193982257053
TroP_i-BuA_FeBr3,2.12195632835983
DiMA_Py_NiBr3,2.12218139698353
EA_Py_NiBr3,2.12218139698353
FA_TiZ_HfCl3,2.12220776539106
Cs_TiZ_TeCl3,2.12244151470604
3-Py_AA_GaI3,2.12275308290994
FM_MA_GaI3,2.1229207217615
FM_i-BuA_HfBr3,2.12293589873094
NH4_HY_NiBr3,2.12294330878185
IM_Az_NiBr3,2.12308643852167
EA_i-PA_SnBr3,2.1232664826422
NH4_AA_HfBr3,2.12327671318419
PhA_DiMA_FeBr3,2.12339683447472
NH4_IM_FeBr3,2.12382944949126
FM_DiMA_GaI3,2.12390410238889
FM_EA_GaI3,2.12390410238889
Cs_TiZ_HfCl3,2.12422025843928
Az_TiZ_FeBr3,2.12434764110144
HY_i-BuA_HgBr3,2.1244727594482
Cs_HY_FeI3,2.12457512094528
DiMA_AA_HfBr3,2.12495754501914
EA_AA_HfBr3,2.12495754501914
HA_i-BuA_ZrI3,2.12519619280127
Cs_Py_CoI3,2.12562415833759
NH4_DiMA_NiBr3,2.12592302027594
FA_TriMA_SnBr3,2.12632079179448
NH4_MA_FeBr3,2.12665246065248
EA_Cs_HfI3,2.12666206961117
HA_Az_GaI3,2.12685972656973
Cs_TroP_GaBr3,2.1270483970284
FA_TroP_SnBr3,2.12746791407927
3-Py_i-BuA_SnI3,2.12774943160097
FA_i-PA_SnBr3,2.12776604533846
FM_DiEA_CoI3,2.12798774940862
TetraMA_HY_ZrI3,2.12876147853574
3-Py_TetraMA_CoBr3,2.12897113040507
EA_TriMA_SnBr3,2.12933365917333
NH4_TiZ_GaI3,2.1294464726741
FM_HA_ZrBr3,2.12972949853609
NH4_Az_NiBr3,2.12996958021997
IM_AA_FeBr3,2.13015242222938
Py_MA_FeBr3,2.13046180356109
i-BuA_MA_FeBr3,2.13066648466582
TriMA_i-PA_NiBr3,2.13078635860168
i-BuA_Py_WCl3,2.13081247994447
DiEA_TriMA_PtCl3,2.13089750730914
FM_TiZ_ZrCl3,2.13093257467742
FM_DiEA_HfBr3,2.13113505531365
PhA_AA_NiBr3,2.1312497177216
3-Py_DiMA_SnBr3,2.13135602966005
3-Py_EA_SnBr3,2.13135602966005
Cs_i-BuA_TeCl3,2.13165468351076
NH4_PhA_FeBr3,2.13181906383163
Cs_GUA_GaI3,2.13188362695921
TriMA_i-PA_GaI3,2.13200796966069
i-PA_MA_ZrI3,2.13246092129653
FA_MA_CoBr3,2.13264313220842
FA_Py_GaI3,2.1331341199017
i-PA_GUA_HfBr3,2.13323017110738
NH4_Az_GaI3,2.1336940830655
DiMA_AA_NiBr3,2.13411083034823
EA_AA_NiBr3,2.13411083034823
NH4_IM_GaI3,2.13425606344037
TetraMA_TiZ_GaI3,2.13431567596792
NH4_i-BuA_CoI3,2.13438698659263
FA_TiZ_ZrBr3,2.13443237163251
DiEA_Py_WCl3,2.13446798058859
FA_TriMA_HfBr3,2.13486726972662
EA_DiMA_SnBr3,2.13590435209835
FA_MA_FeBr3,2.13609757489542
Cs_TroP_HfCl3,2.13619738827156
FA_i-PA_HfBr3,2.13631252327059
FA_TriMA_GaI3,2.13683414584015
Cs_IM_TeCl3,2.13685909903902
HY_Py_FeBr3,2.13686111393902
FM_Az_ZrCl3,2.1385666362244
FM_Cs_GaBr3,2.138967458665
NH4_GUA_GaI3,2.13931210941218
FA_TetraMA_GaI3,2.1395136729561
TriMA_GUA_HfBr3,2.13964892782277
TroP_Az_MoCl3,2.13972688125147
NH4_Py_FeBr3,2.13980108060055
PhA_DiMA_CoBr3,2.14037440332398
TetraMA_GUA_GaI3,2.14050771317474
FM_TriMA_ZrBr3,2.14059692055939
Cs_MA_FeI3,2.14068582928107
HA_NH4_NiBr3,2.14105104138452
DiEA_DiMA_GaI3,2.14162877824347
PhA_Az_FeBr3,2.14179240384757
NH4_i-PA_NiBr3,2.14200214819527
3-Py_TetraMA_NiBr3,2.14213647591199
HY_DiMA_NiBr3,2.14224752773302
DiEA_Az_CoBr3,2.14229101483959
Cs_HY_NiI3,2.14237390946053
3-Py_MA_HfCl3,2.14238026522938
FA_MA_HfBr3,2.14245536908803
3-Py_FA_ZrCl3,2.14258983892775
3-Py_DiEA_FeI3,2.14308708883975
EA_TroP_HfCl3,2.14372907013923
DiEA_FA_WCl3,2.14394483776919
3-Py_Az_GaI3,2.14409230494439
FA_PhA_MoCl3,2.14419159720664
TetraMA_IM_FeBr3,2.14422460783529
GUA_AA_GaI3,2.14496718351878
NH4_GUA_HfBr3,2.1452954606969
DiMA_Az_GaI3,2.14531353391183
EA_Az_GaI3,2.14531353391183
NH4_DiMA_GaI3,2.14585790701792
HY_AA_HfBr3,2.14587398009852
3-Py_Cs_FeBr3,2.14612864230848
3-Py_PhA_InBr3,2.14639408768122
FM_Py_ZrCl3,2.14645168727133
Cs_MA_GaI3,2.14685372254665
DiEA_i-PA_PtCl3,2.14689291978159
DiEA_Cs_CoI3,2.14690356277128
3-Py_DiEA_CoI3,2.14737566408027
EA_Cs_CoI3,2.14739299937696
i-PA_GUA_GaI3,2.14762455764334
AA_TiZ_NiBr3,2.14893405484969
PhA_GUA_NiI3,2.14902387430922
Az_TiZ_WCl3,2.14908615770865
FM_FA_GaI3,2.14916359959465
EA_HY_NiBr3,2.14936286247733
FA_NH4_GaBr3,2.15017509699611
DiEA_Az_FeBr3,2.15034085350911
i-BuA_Az_CoBr3,2.15073363929078
FA_HY_HfBr3,2.15102502706757
DiEA_TetraMA_FeBr3,2.15114207184235
AA_TiZ_GaI3,2.15118919227402
3-Py_AA_SnBr3,2.15135206534594
DiEA_TetraMA_NiBr3,2.15176380846658
FA_AA_SnBr3,2.15182741741352
3-Py_TroP_ZrCl3,2.15184594801274
NH4_AA_FeBr3,2.15194793487441
IM_MA_GaI3,2.15208690156245
PhA_TiZ_NiBr3,2.15237065144924
IM_i-BuA_CoI3,2.15241398813035
AA_Az_SnBr3,2.15243405362595
MA_TiZ_GaI3,2.15293947348891
AA_Py_NiBr3,2.15299632783343
TroP_MA_WCl3,2.15326424713822
IM_AA_GaI3,2.15337728927134
HA_i-BuA_NiI3,2.15339550420305
TetraMA_TiZ_SnBr3,2.15362041185186
TriMA_IM_WCl3,2.15453168436312
TriMA_TiZ_WCl3,2.15472594952094
NH4_TroP_PtCl3,2.1550441114841
Cs_Py_ZrBr3,2.15514127022441
DiEA_TetraMA_WCl3,2.15519125022493
FM_Py_CoBr3,2.15525457278193
AA_Az_GaI3,2.15575098019351
i-PA_IM_WCl3,2.15579103195675
i-PA_TiZ_WCl3,2.15598529711458
FA_Az_FeBr3,2.15603342259888
HY_DiMA_CoBr3,2.1560944842609
TetraMA_Az_CoBr3,2.15621880183158
HA_DiMA_FeBr3,2.15624112742058
TriMA_NH4_HfBr3,2.15645307894025
FM_i-PA_ZrBr3,2.15654664833997
GUA_TiZ_SnBr3,2.1567657684193
FM_MA_NiBr3,2.1575320019855
AA_TiZ_FeBr3,2.15754364926166
EA_DiMA_NiBr3,2.15800454898152
IM_MA_FeBr3,2.15821855768887
DiEA_GUA_WCl3,2.15880160783496
TetraMA_TiZ_FeBr3,2.15889726478187
3-Py_AA_WCl3,2.15896869360907
MA_TiZ_FeBr3,2.15900994655076
Py_TiZ_GaBr3,2.15906678636346
TriMA_TetraMA_CoBr3,2.1596232814638
TetraMA_AA_FeBr3,2.15977273606841
DiMA_IM_FeBr3,2.15977948315217
EA_IM_FeBr3,2.15977948315217
NH4_IM_ZrBr3,2.15984769502099
3-Py_DiMA_GaI3,2.15994649780062
3-Py_EA_GaI3,2.15994649780062
HY_DiMA_FeBr3,2.16019241789725
3-Py_GUA_FeBr3,2.16055766059439
DiMA_MA_NiBr3,2.16076556755252
EA_MA_NiBr3,2.16076556755252
AA_Py_FeBr3,2.1608433218982
3-Py_TroP_GeI3,2.1610543057418
IM_Az_FeBr3,2.16142708248416
Cs_Py_FeBr3,2.16153642624048
3-Py_DiEA_HfBr3,2.16159086615334
FA_i-BuA_NiI3,2.16177003514117
FM_GUA_ZrBr3,2.16180344752811
NH4_GUA_FeBr3,2.16184855583426
Py_MA_GaI3,2.16200373730923
HA_PhA_ZrCl3,2.16256347275084
TroP_i-BuA_ZrBr3,2.16281967257194
HY_i-BuA_NiI3,2.16287464534823
AA_Py_GaI3,2.16299428267572
DiEA_EA_CoBr3,2.16304211925738
Cs_i-PA_FeBr3,2.16310601188263
EA_HY_CoBr3,2.1632911736319
NH4_GUA_PbI3,2.163451493457
3-Py_HA_GaI3,2.16383326393496
DiEA_NH4_FeBr3,2.16426506067488
3-Py_AA_ZrCl3,2.16428020802089
DiEA_TiZ_NiBr3,2.16428437812127
HA_TriMA_GaI3,2.16441992120156
Az_MA_ZrBr3,2.16447153756476
3-Py_HY_GaI3,2.16471501428491
FM_NH4_NiBr3,2.16476651799586
3-Py_TriMA_ZrBr3,2.16539103494713
FM_i-BuA_NiI3,2.16566288892258
AA_Az_NiBr3,2.16571102054358
3-Py_DiMA_FeBr3,2.16572448805781
3-Py_EA_FeBr3,2.16572448805781
FM_Py_GaI3,2.16577945828877
FA_TroP_WCl3,2.16599427075006
DiEA_IM_GaI3,2.16608030300421
3-Py_Py_GaBr3,2.16608667575689
NH4_i-PA_GaI3,2.16645092777583
HA_i-PA_GaI3,2.16652833350179
3-Py_TriMA_GaI3,2.16653238461689
HY_i-BuA_PbI3,2.16655047470983
DiEA_IM_FeBr3,2.16710397926638
PhA_Az_WCl3,2.16718832403759
TetraMA_i-PA_CoBr3,2.16767899479536
FM_TroP_WCl3,2.16769153017841
i-PA_MA_GaI3,2.16781283021365
3-Py_i-PA_GaI3,2.16797763816087
i-PA_HY_GaI3,2.16817149110145
Cs_NH4_CoI3,2.16834981472444
FA_TiZ_SnBr3,2.16846956927014
HA_MA_GaBr3,2.16849441338672
FM_FA_ZrBr3,2.16853874950533
FA_TetraMA_NiBr3,2.16884042600975
3-Py_TetraMA_SnBr3,2.16899039581875
TriMA_GUA_NiBr3,2.16900913399576
TroP_MA_PdCl3,2.16909530856171
DiEA_Cs_NiI3,2.16924258049744
FM_AA_ZrBr3,2.1692779528943
i-PA_Py_MoCl3,2.16957121220911
DiEA_AA_CoBr3,2.16959641127638
Az_MA_HfCl3,2.16971321977059
IM_Az_ZrCl3,2.16971553087294
HY_TiZ_FeBr3,2.16978690058099
PhA_Py_PtCl3,2.16979753391304
NH4_MA_GaBr3,2.16980044397471
GUA_i-BuA_HgBr3,2.17018261188984
Az_Py_GaI3,2.17032405969925
Cs_PhA_GaI3,2.17061002729932
AA_MA_FeBr3,2.17068814436334
i-PA_TiZ_FeBr3,2.17069702290793
3-Py_FM_FeBr3,2.17076897745592
TriMA_GUA_SnBr3,2.17081955437609
DiMA_Py_FeBr3,2.1711095449542
EA_Py_FeBr3,2.1711095449542
Cs_IM_FeBr3,2.17148545545655
NH4_Az_GaBr3,2.17199464782049
3-Py_i-BuA_ZrBr3,2.17210964384435
3-Py_TriMA_CoBr3,2.17228983595582
FA_IM_WCl3,2.17241605019458
AA_TiZ_SnBr3,2.1726321763215
TriMA_TiZ_FeBr3,2.17273386628995
TetraMA_AA_GaI3,2.17273997366156
DiMA_Az_ZrI3,2.17364719222745
EA_Az_ZrI3,2.17364719222745
PhA_DiMA_GaI3,2.17370521800923
3-Py_i-PA_CoBr3,2.17373508949979
3-Py_MA_GaI3,2.17388844719593
DiMA_TiZ_WCl3,2.17389421689614
EA_TiZ_WCl3,2.17389421689614
IM_TiZ_FeBr3,2.17413775235661
DiEA_TriMA_PbI3,2.17424445238249
EA_TiZ_NiBr3,2.1746324823261
TriMA_Az_GaI3,2.17495277519555
DiMA_Py_SnBr3,2.17498754980088
EA_Py_SnBr3,2.17498754980088
TriMA_Py_MoCl3,2.17502522544649
TetraMA_MA_GaI3,2.17511934977306
AA_Az_FeBr3,2.17515289155795
TetraMA_i-PA_WCl3,2.17517039367092
i-BuA_Az_FeBr3,2.17549656978074
GUA_Py_GaI3,2.17555574558845
NH4_MA_NiBr3,2.17556969024643
FA_HA_HfBr3,2.17560479329239
3-Py_NH4_FeBr3,2.17560906011298
PhA_TroP_GaBr3,2.17582650211405
FM_GUA_GaI3,2.17588229532756
EA_HY_FeBr3,2.17611450437192
Az_MA_FeBr3,2.1761273037239
FM_IM_FeBr3,2.17644012802945
DiEA_MA_WCl3,2.17666162105993
PhA_IM_GaI3,2.17770651424323
FM_EA_ZrBr3,2.17798286398654
GUA_IM_FeBr3,2.17820255942925
AA_Az_HfCl3,2.17841237195956
3-Py_FA_GaI3,2.17843656439591
NH4_TiZ_FeBr3,2.1785891212601
HY_TroP_GaI3,2.1790612170356
NH4_Py_NiBr3,2.17997864211521
TriMA_HY_GaBr3,2.1800713715548
FM_DiMA_ZrBr3,2.180112163425
i-PA_PhA_HfBr3,2.18028893850179
AA_MA_GaBr3,2.18064747671533
TetraMA_Cs_GaI3,2.18067806455422
3-Py_AA_FeBr3,2.18076919298637
FA_TetraMA_FeBr3,2.18087624297631
TroP_AA_SnBr3,2.18099888153117
3-Py_i-PA_ZrBr3,2.1810381216373
GUA_i-BuA_NiI3,2.181601355135
Az_MA_GaBr3,2.18192042639757
FM_HY_GaI3,2.18201521545139
DiMA_TiZ_FeBr3,2.18210582245441
EA_TiZ_FeBr3,2.18210582245441
3-Py_Py_WCl3,2.18223971876225
i-BuA_TiZ_CoBr3,2.1822454834597
Cs_IM_NiBr3,2.18233182626574
DiEA_DiMA_FeBr3,2.18233887500501
i-PA_HY_FeBr3,2.18236496288463
i-PA_DiMA_FeBr3,2.18260117170156
Cs_Az_FeBr3,2.18269164231631
EA_HA_FeBr3,2.18275250918392
GUA_IM_NiBr3,2.18302112582616
HY_PhA_NiI3,2.1836766956068
DiMA_GUA_SnBr3,2.183929108973
FA_IM_ZrBr3,2.18411352947207
i-BuA_TiZ_MoCl3,2.18413957184657
TriMA_DiMA_FeBr3,2.18463801508358
3-Py_FA_FeBr3,2.18469293141729
DiEA_TiZ_GaI3,2.18472518764569
Cs_DiMA_GaI3,2.18481059444498
GUA_Py_WCl3,2.18534602957047
DiMA_Az_FeBr3,2.18543003720731
EA_Az_FeBr3,2.18543003720731
GUA_TiZ_FeBr3,2.18543074425937
FM_Az_GaI3,2.18550164466475
DiEA_MA_FeBr3,2.18561413435484
FM_TiZ_FeBr3,2.18570776188942
PhA_TiZ_GaI3,2.18594170756047
NH4_Py_CoBr3,2.1862916398826
3-Py_Cs_TeCl3,2.18629778064745
TetraMA_Py_SnBr3,2.18642548271183
TriMA_HY_FeBr3,2.18642651190873
TriMA_Py_GaI3,2.18669248375369
TroP_Py_GeBr3,2.18685773488652
HY_MA_NiBr3,2.18694259321703
FM_HA_GaI3,2.18717130413949
IM_TiZ_NiBr3,2.18718357134658
DiEA_MA_CoBr3,2.18746285399317
TriMA_TetraMA_WCl3,2.1875005070583
3-Py_FM_GaI3,2.18792893932383
PhA_i-BuA_SnI3,2.18793936498965
3-Py_TetraMA_GaBr3,2.18838341278226
TetraMA_MA_FeBr3,2.18864345868011
TetraMA_GUA_NiBr3,2.18864436606725
NH4_i-PA_CoBr3,2.18872930285955
FA_TetraMA_SnBr3,2.18877023346573
3-Py_MA_FeBr3,2.1889321848737
i-PA_MA_FeBr3,2.18897903085079
DiMA_AA_GaI3,2.18901281592361
EA_AA_GaI3,2.18901281592361
Cs_IM_GaI3,2.1890178734
DiMA_Az_NiBr3,2.18905022225089
EA_Az_NiBr3,2.18905022225089
TriMA_AA_FeBr3,2.18927368905708
FM_TiZ_GaI3,2.18942057785859
TriMA_IM_GaI3,2.18948303513751
i-PA_DiMA_SnBr3,2.18962394526429
FM_AA_GaI3,2.1896972017674
EA_GUA_SnBr3,2.18980983861408
FM_Az_FeBr3,2.1898989938164
TetraMA_Cs_FeBr3,2.19010124151799
FM_IM_GaI3,2.19021305624162
PhA_IM_WCl3,2.1902216265901
PhA_DiMA_WCl3,2.19024529356918
TroP_i-BuA_NiBr3,2.19047060763315
i-PA_Az_SnBr3,2.19047159073284
PhA_AA_FeBr3,2.19048465356533
3-Py_GUA_GaI3,2.19073516570249
TriMA_MA_FeBr3,2.19101587423281
HY_Az_FeBr3,2.19102978817223
Az_TiZ_SnBr3,2.19112513815072
Cs_MA_TeCl3,2.19121212139557
EA_TriMA_FeBr3,2.19133614288313
NH4_Py_GaI3,2.19145152325102
HA_IM_GaI3,2.19173012404964
DiMA_IM_WCl3,2.19248733297339
EA_IM_WCl3,2.19248733297339
HY_IM_GaI3,2.19253463787433
FM_Cs_GaI3,2.1928761763996
TetraMA_Cs_GaBr3,2.19313932763192
HY_IM_FeBr3,2.19382003121517
EA_TetraMA_FeBr3,2.19391144519432
HA_MA_NiBr3,2.19410010087808
TetraMA_DiMA_FeBr3,2.19420052354288
FM_FA_FeBr3,2.19452287577871
EA_NH4_GaBr3,2.19458242393444
GUA_Py_ZrCl3,2.19486490727438
HA_TetraMA_ZrI3,2.19500871510138
DiEA_i-PA_PbI3,2.19552525399378
HA_IM_FeBr3,2.19586513008739
Py_TiZ_GaI3,2.1959767599546
Cs_HY_CoI3,2.19608307898798
TroP_i-BuA_WCl3,2.1961809262954
TriMA_IM_SnBr3,2.19636582998409
DiEA_i-PA_FeBr3,2.19671995590673
HY_Az_ZrBr3,2.19676114128747
TriMA_AA_SnBr3,2.19688051596349
NH4_GUA_NiBr3,2.19691668778667
FM_GUA_HfCl3,2.19701069247779
DiMA_Py_GaI3,2.19702320182024
EA_Py_GaI3,2.19702320182024
3-Py_FA_WCl3,2.19732716270423
Cs_PhA_HgBr3,2.19755674920459
FA_HY_FeBr3,2.19786495407169
i-PA_GUA_SnBr3,2.19792586208967
Cs_PhA_InBr3,2.19793054047627
DiEA_GUA_TeCl3,2.19799036597739
FA_GUA_HfBr3,2.19813607135446
HA_Cs_GeI3,2.19822278585538
HA_DiMA_HfBr3,2.19822297038746
Cs_DiMA_ZrI3,2.1982434675944
3-Py_TriMA_HfBr3,2.19830320307813
3-Py_PhA_TeCl3,2.198399826287
TetraMA_Az_FeBr3,2.19851986753636
3-Py_GUA_GaBr3,2.19880632902794
TriMA_TetraMA_FeBr3,2.19897878131179
DiMA_i-BuA_GaI3,2.19912662151124
EA_i-BuA_GaI3,2.19912662151124
3-Py_HY_FeBr3,2.19939628031712
FM_AA_FeBr3,2.1995563707103
3-Py_PhA_MoCl3,2.19996772504121
Cs_AA_GaI3,2.20012499415406
FA_Py_WCl3,2.20055383063105
IM_AA_WCl3,2.20083137557803
FA_IM_FeBr3,2.20179400447291
3-Py_GUA_SnBr3,2.20187222396636
IM_AA_ZrCl3,2.20207817934724
i-PA_IM_FeBr3,2.2023289064687
FA_TiZ_FeBr3,2.20239646197184
FM_TetraMA_FeBr3,2.20255444134722
AA_TiZ_WCl3,2.20255750494164
GUA_AA_NiBr3,2.20283008250405
TriMA_NH4_ZrBr3,2.20324998096204
FM_Py_FeBr3,2.20330204590873
3-Py_i-BuA_NiI3,2.2034629601931
Cs_Py_NiBr3,2.20358895050073
HY_Py_CoBr3,2.20364840427836
TriMA_IM_FeBr3,2.20436574985072
TriMA_Cs_GaI3,2.2044742149418
DiEA_HA_NiBr3,2.20450488484932
IM_Py_MoCl3,2.20463348386932
3-Py_GUA_WCl3,2.20467532378851
HY_Py_GaI3,2.20468685424992
FA_TiZ_WCl3,2.2047970295067
DiMA_Py_ZrCl3,2.20492594102562
EA_Py_ZrCl3,2.20492594102562
HY_TiZ_GaI3,2.2049739960808
FM_PhA_GaI3,2.20501112775413
PhA_Az_CoBr3,2.20515007483498
AA_TiZ_ZrCl3,2.20522653686516
TetraMA_AA_WCl3,2.20571536738353
TriMA_HY_HfBr3,2.20581725179802
FM_TriMA_FeBr3,2.20619149366092
HA_TiZ_GaI3,2.20620974631416
FA_TriMA_NiBr3,2.20621200451498
EA_FA_NiBr3,2.20638292187824
FA_PhA_FeBr3,2.20652022807426
DiEA_EA_FeBr3,2.2065447593453
FM_i-BuA_ZrBr3,2.20683633946181
TetraMA_NH4_FeBr3,2.20702855256614
TetraMA_HY_FeBr3,2.20709130648334
EA_Cs_GaI3,2.20720616383025
FM_i-PA_FeBr3,2.20763674720489
FM_Py_NiBr3,2.20764120724779
FA_i-PA_NiBr3,2.20765725805896
FA_Cs_GaI3,2.20770766747483
i-PA_Az_FeBr3,2.20771355675424
TriMA_TiZ_GaI3,2.20784859957565
3-Py_HA_FeBr3,2.20886616603391
TetraMA_GUA_SnBr3,2.20889047336425
FM_Cs_FeBr3,2.2090258700559
3-Py_TetraMA_WCl3,2.20940277095646
TriMA_Az_FeBr3,2.20975040013626
HA_TetraMA_GaI3,2.20975254996799
AA_Py_SnBr3,2.20975806053829
DiMA_TiZ_SnBr3,2.20989768884271
EA_TiZ_SnBr3,2.20989768884271
3-Py_AA_GaBr3,2.21041965502644
TriMA_IM_ZrCl3,2.21146135686707
AA_MA_CoBr3,2.21176808683541
HA_DiMA_CoBr3,2.21184560841329
Cs_HY_GeI3,2.21197388135117
FA_NH4_NiBr3,2.21240950549634
FM_DiMA_FeBr3,2.21245136712726
FM_EA_FeBr3,2.21245136712726
i-PA_HY_NiBr3,2.21277535294438
FA_HY_CoBr3,2.21278886869296
3-Py_PhA_WCl3,2.2130181786727
IM_i-BuA_HfBr3,2.21313015447722
i-PA_IM_GaI3,2.21329315187544
HA_Az_FeBr3,2.21353246759955
Az_MA_NiBr3,2.21383036076377
3-Py_i-PA_HfBr3,2.21395028976831
NH4_HY_GaBr3,2.21402319786576
GUA_Az_FeBr3,2.21409339864945
PhA_GUA_FeBr3,2.21450753942444
Cs_DiMA_FeBr3,2.21455854500414
TriMA_i-PA_FeBr3,2.21476162370208
TriMA_HY_NiBr3,2.2148121963264
TetraMA_GUA_FeBr3,2.2148883047012
AA_MA_ZrBr3,2.21497697373446
FA_DiMA_GaBr3,2.21580360250807
Cs_TiZ_ZrBr3,2.21594127134002
IM_i-BuA_ZrBr3,2.21609808590622
Cs_Py_GaI3,2.21610198770048
Cs_i-PA_GaI3,2.21625784344439
Az_Py_SnBr3,2.21626608085975
DiEA_IM_HfCl3,2.21629370143428
3-Py_Cs_GaBr3,2.21648458929238
FM_TetraMA_GaI3,2.21655069344618
TriMA_AA_GaI3,2.2167060673301
i-BuA_TiZ_GaI3,2.21693696373735
FA_AA_NiBr3,2.21743235524238
TriMA_PhA_HfBr3,2.21768032662118
DiEA_HY_HfCl3,2.21790721861341
Az_MA_CoBr3,2.21872718198036
FA_DiMA_FeBr3,2.21884524670057
TetraMA_i-PA_FeBr3,2.21916313511048
Cs_DiMA_HfI3,2.21989444736668
3-Py_i-BuA_HgBr3,2.22001502659662
AA_Az_WCl3,2.22028731778141
FM_TriMA_GaI3,2.22030833009184
Py_MA_NiBr3,2.22058217748169
GUA_MA_FeBr3,2.22059766452997
FA_AA_HfCl3,2.22067220623345
Py_MA_CoBr3,2.22070143664343
HY_MA_HfBr3,2.22072986893443
DiMA_TiZ_NiBr3,2.22097852723348
HA_AA_FeBr3,2.22101071244612
IM_i-BuA_HgBr3,2.22171248330774
FM_i-PA_GaI3,2.22175358363582
FA_TriMA_FeBr3,2.22179955205522
HY_AA_FeBr3,2.22189241079857
HY_Az_NiBr3,2.22252878153504
PhA_TiZ_TeCl3,2.22270779480379
MA_TiZ_WCl3,2.22274693500492
HA_AA_HfBr3,2.22297073514772
HA_TriMA_FeBr3,2.22309625246312
DiEA_TroP_GeI3,2.2231444403034
i-PA_MA_CoBr3,2.22314935443346
FA_i-PA_FeBr3,2.22324480559919
i-PA_IM_SnBr3,2.22347213769767
Cs_TroP_ZrCl3,2.22354813719357
i-PA_PhA_ZrBr3,2.22362076748006
i-PA_HY_HfBr3,2.22371725885735
3-Py_Py_SnBr3,2.22373421143959
Py_TiZ_WCl3,2.22374655807666
FA_NH4_ZrBr3,2.22381724108686
FA_PhA_TeCl3,2.22395942218085
i-PA_AA_SnBr3,2.22398682367707
TriMA_TiZ_SnBr3,2.22408169883524
HA_TetraMA_FeBr3,2.22410389155968
HA_i-PA_FeBr3,2.22454150600709
NH4_Py_GaBr3,2.22454875410119
DiMA_AA_FeBr3,2.22489361182182
EA_AA_FeBr3,2.22489361182182
i-PA_GUA_FeBr3,2.22504582899754
AA_TiZ_CoBr3,2.22506453925374
TriMA_MA_CoBr3,2.22518619781547
HY_IM_NiBr3,2.22536917548819
EA_FA_FeBr3,2.22542951432473
Cs_Az_GaBr3,2.22552387456886
Cs_Az_NiBr3,2.22563184675666
i-PA_IM_NiBr3,2.22564904693597
EA_DiMA_ZrI3,2.22567016864925
FM_DiMA_ZrCl3,2.22579551604381
FM_EA_ZrCl3,2.22579551604381
FM_MA_GaBr3,2.22596722865721
FA_MA_GaI3,2.22604518698145
DiMA_MA_HfBr3,2.22619942718799
EA_MA_HfBr3,2.22619942718799
FA_PhA_GaI3,2.22624614607943
i-PA_AA_FeBr3,2.22628277254183
TroP_IM_PtCl3,2.22654410847757
3-Py_Cs_NiBr3,2.22665785964934
3-Py_PhA_NiI3,2.22680247527045
DiEA_AA_PtCl3,2.22688898927785
Cs_i-PA_NiBr3,2.22698912535617
TriMA_GUA_FeBr3,2.22708267237956
HA_Cs_FeI3,2.22710890385271
NH4_AA_HfCl3,2.22714634863708
NH4_i-BuA_NiI3,2.22717306301492
TetraMA_PhA_GaI3,2.22719867461253
DiEA_HY_FeBr3,2.22744301483337
NH4_i-PA_HfBr3,2.22758757678974
DiEA_AA_GaI3,2.22781585375625
HY_Az_CoBr3,2.22809095639856
FM_TriMA_HfCl3,2.22819153043855
i-PA_HY_GaBr3,2.22826747230345
DiEA_TriMA_FeBr3,2.22846861253047
i-BuA_TiZ_FeBr3,2.22895843177681
MA_TiZ_GaBr3,2.2291698499531
i-PA_Py_GaI3,2.22920576578832
HY_TiZ_GaBr3,2.22950174400582
DiEA_Cs_FeI3,2.22973214106962
EA_FA_GaBr3,2.22994541329958
DiEA_PhA_NiI3,2.23023160281897
FM_TetraMA_ZrCl3,2.23071258299792
HA_Py_FeBr3,2.23088201883797
GUA_Az_GaBr3,2.23091788549642
3-Py_NH4_NiBr3,2.23116007638315
i-PA_HY_CoBr3,2.23119159112954
NH4_Az_CoBr3,2.23153185852999
DiMA_GUA_NiBr3,2.23159207251174
EA_GUA_NiBr3,2.23159207251174
FM_GUA_FeBr3,2.23160366039722
FA_Py_CoBr3,2.23175276618584
HA_Cs_NiI3,2.23180047654091
EA_i-PA_FeBr3,2.23182732329387
Cs_AA_FeBr3,2.23183667154451
TroP_MA_HgI3,2.23199230263416
HA_MA_HfBr3,2.2325511295161
HY_Az_GaBr3,2.23290414507065
TriMA_HY_CoBr3,2.23322843451156
IM_MA_CoBr3,2.23377566718529
IM_AA_SnBr3,2.23391026240773
DiMA_TiZ_GaI3,2.23517635992419
FA_IM_NiBr3,2.23531094036027
EA_TiZ_GaI3,2.23536144534191
3-Py_NH4_GaBr3,2.23563028942864
FM_TetraMA_NiBr3,2.23579489381664
Cs_PhA_NiI3,2.23619439638768
DiEA_DiMA_CoBr3,2.23622283270299
i-PA_TiZ_MoCl3,2.23650647263547
FA_AA_FeBr3,2.23698659694595
i-BuA_AA_CoBr3,2.23705063838794
FM_i-BuA_HgBr3,2.2371389102081
3-Py_TiZ_GaBr3,2.23721948597853
FA_PhA_SnI3,2.23732038066475
IM_Az_GaBr3,2.23780768662707
EA_HA_CoBr3,2.23805972613645
DiMA_Az_GaBr3,2.23818101312704
NH4_i-BuA_GaI3,2.23878196636284
HY_IM_CoBr3,2.2393051806316
Cs_AA_ZrI3,2.23934989791098
EA_FA_ZrBr3,2.23991647504317
Cs_i-BuA_GaI3,2.24033292484075
FM_DiEA_ZrBr3,2.24041679907554
FM_TiZ_NiBr3,2.24092908046591
TriMA_Cs_GaBr3,2.24099925345559
i-BuA_Az_PtCl3,2.24149135260365
FA_DiMA_ZrBr3,2.24153640337293
HA_TiZ_FeBr3,2.24163638316576
FM_TetraMA_CoBr3,2.2416527812527
GUA_Py_CoBr3,2.24167010086853
DiEA_Py_GaI3,2.24186088626293
TriMA_TiZ_MoCl3,2.24196048587285
DiEA_Az_PtCl3,2.24207537546712
FM_HY_NiBr3,2.2424108433622
GUA_AA_SnBr3,2.24258225685782
TetraMA_NH4_SnBr3,2.24259710374504
i-BuA_MA_CoBr3,2.24286297228143
DiMA_Py_CoBr3,2.24319242480559
EA_Py_CoBr3,2.24319242480559
FM_Py_GaBr3,2.24330726784874
FM_i-PA_HfCl3,2.24383861712872
3-Py_FA_NiBr3,2.2439378832483
FM_TiZ_GaBr3,2.24395928489354
TetraMA_NH4_NiBr3,2.24401272645586
3-Py_FA_CoBr3,2.24410410045939
FA_Cs_FeI3,2.24429472041412
TriMA_DiMA_GaI3,2.24432772869803
EA_DiMA_FeBr3,2.24433134097945
EA_PhA_NiI3,2.24455851406587
AA_Py_CoBr3,2.24474388885301
3-Py_DiEA_InBr3,2.24524399121781
FA_PhA_WCl3,2.24537388780833
HY_GUA_GaI3,2.24574100576142
HY_TiZ_CoBr3,2.24598335907682
AA_Az_CoBr3,2.24598639719317
Cs_i-PA_GaBr3,2.24662092888239
NH4_TiZ_NiBr3,2.24665806509724
TetraMA_i-BuA_SnI3,2.24693007954717
TriMA_i-BuA_SnI3,2.24697304661092
TriMA_NH4_CoBr3,2.24703478459007
IM_TiZ_CoBr3,2.24735463842884
FM_TiZ_CoBr3,2.24737006539154
TriMA_Cs_FeBr3,2.24749898172693
NH4_TiZ_PtCl3,2.24759058845923
TriMA_i-BuA_HgBr3,2.24763621719286
NH4_IM_NiBr3,2.2478115873192
TetraMA_Cs_NiBr3,2.24807253467131
DiEA_i-PA_MoCl3,2.2482495447868
DiEA_GUA_FeBr3,2.24843810446424
EA_Az_GaBr3,2.24881354235273
3-Py_FM_NiBr3,2.24884527808589
IM_Az_CoBr3,2.24947171425372
Cs_Py_ZrCl3,2.24948122586873
AA_Py_PtCl3,2.24970544959758
Cs_DiMA_NiBr3,2.24982557525616
Az_TiZ_ZrCl3,2.24989039366818
TetraMA_MA_NiBr3,2.2500546248093
i-PA_TiZ_GaI3,2.25036188161028
HA_DiMA_NiBr3,2.25061890275594
GUA_AA_FeBr3,2.25067446221637
Cs_Py_CoBr3,2.25079461647888
DiEA_TroP_GaBr3,2.25080382510683
GUA_AA_HfCl3,2.25087375391875
FM_IM_ZrCl3,2.25099788369613
NH4_TroP_WCl3,2.25111625097901
i-PA_TiZ_SnBr3,2.25118800654882
3-Py_PhA_GaI3,2.25127365451529
Py_MA_ZrCl3,2.2515040617904
3-Py_GUA_NiBr3,2.25156593690815
NH4_PhA_MoCl3,2.2516280841072
FA_TetraMA_CoBr3,2.25170974861154
IM_TiZ_MoCl3,2.25177087898336
EA_PhA_WCl3,2.25213296562995
TetraMA_i-BuA_PbI3,2.25215654346832
DiMA_GUA_FeBr3,2.2525322937943
EA_GUA_FeBr3,2.2525322937943
NH4_TiZ_CoBr3,2.25297106286463
AA_Py_ZrCl3,2.2534150723757
FM_HA_GaBr3,2.25364976674891
3-Py_Az_ZrCl3,2.25379136771089
i-BuA_AA_FeBr3,2.25389729369407
FA_Py_SnBr3,2.25407963945691
TriMA_NH4_HfCl3,2.25432644437913
3-Py_MA_WCl3,2.25446136608764
IM_MA_GaBr3,2.25460648221035
3-Py_MA_NiBr3,2.2552595809339
HA_Cs_CoI3,2.25539249102758
FM_AA_NiBr3,2.25543976070817
3-Py_Az_MoCl3,2.25553058664664
DiMA_Az_CoBr3,2.2557514070129
EA_Az_CoBr3,2.2557514070129
EA_IM_GaI3,2.25581039112801
Py_TiZ_MoCl3,2.25596997460027
i-PA_i-BuA_HgBr3,2.25621425211524
HY_Py_NiBr3,2.25634823004121
EA_HA_HfBr3,2.25703252351211
3-Py_GUA_CoBr3,2.25718164127489
FM_DiEA_NiI3,2.25764477791114
EA_i-PA_GaI3,2.25778938927554
DiMA_TiZ_CoBr3,2.2579013095782
EA_TiZ_CoBr3,2.2579013095782
AA_Py_MoCl3,2.25802829454292
3-Py_TroP_TiI3,2.25863302897178
DiEA_FA_CoBr3,2.25892373974466
TetraMA_MA_CoBr3,2.25931355545044
FA_DiMA_CoBr3,2.25942883449173
FM_HY_GaBr3,2.25980720366887
DiEA_Az_TeCl3,2.25981985155647
3-Py_HY_ZrCl3,2.26023324359125
3-Py_DiMA_CoBr3,2.26048351205334
3-Py_EA_CoBr3,2.26048351205334
GUA_MA_GaI3,2.2606363494459
AA_MA_NiBr3,2.26089155753938
Cs_AA_NiBr3,2.26108784487809
i-PA_AA_GaI3,2.2616645565651
EA_HY_GaI3,2.26213791441249
EA_TriMA_GaI3,2.26256609463377
NH4_DiMA_GaBr3,2.26298368070641
TriMA_i-BuA_NiI3,2.2632843783812
TriMA_GUA_GaBr3,2.26338580808931
HA_TiZ_CoBr3,2.26341912248104
DiMA_i-BuA_HgBr3,2.26383270261385
EA_i-BuA_HgBr3,2.26383270261385
DiEA_NH4_NiBr3,2.26436443480589
FA_TroP_MoCl3,2.26446606456481
DiEA_NH4_GaI3,2.26531888590353
i-PA_TiZ_NiBr3,2.2653402080372
HA_TriMA_GaBr3,2.26539223813068
FM_DiEA_GaI3,2.26549009310529
HY_MA_GaBr3,2.26561910555811
TetraMA_Cs_ZrI3,2.26567523858501
EA_FA_CoBr3,2.26572275627805
FM_DiMA_NiBr3,2.26584238644432
FM_EA_NiBr3,2.26584238644432
TriMA_PhA_ZrBr3,2.26588646184324
DiEA_HA_HfCl3,2.26597779855068
TriMA_TiZ_NiBr3,2.26616231072758
HA_Py_CoBr3,2.26635814932153
3-Py_AA_CoBr3,2.26636325247954
FA_TetraMA_GaBr3,2.26642403074383
DiEA_TriMA_MoCl3,2.26650589648175
HA_i-PA_GaBr3,2.26683749167465
TetraMA_NH4_HfBr3,2.26685360024254
i-PA_Az_CoBr3,2.26689312424774
i-PA_Az_GaI3,2.26728016418318
Az_TiZ_CoBr3,2.26735465075352
TriMA_Py_SnBr3,2.26744817805108
NH4_PhA_HgBr3,2.26749901641907
PhA_GUA_TeCl3,2.26754170155242
EA_HA_NiBr3,2.26765895242235
FA_Az_GaBr3,2.26766784511341
PhA_Py_PdCl3,2.26783044127059
DiMA_Py_MoCl3,2.26859110353256
EA_Py_MoCl3,2.26859110353256
NH4_TiZ_GaBr3,2.26870374231204
PhA_Py_HgI3,2.26879486444472
3-Py_HA_ZrCl3,2.26882427346125
PhA_i-BuA_WCl3,2.26892161707603
TriMA_Az_CoBr3,2.26892996762976
IM_Az_PtCl3,2.26910692610478
FA_DiMA_NiBr3,2.26912246668603
3-Py_HY_NiBr3,2.26920371389675
DiEA_AA_FeBr3,2.26922232060926
GUA_Py_GaBr3,2.2692868251838
Py_MA_PtCl3,2.26949572846773
FA_PhA_ZrCl3,2.26952352904173
FM_i-BuA_GaI3,2.26992615035034
DiEA_NH4_CoBr3,2.26998013917263
TriMA_i-PA_PtCl3,2.27010930351827
TetraMA_IM_SnBr3,2.27025769214495
TriMA_Cs_NiBr3,2.27059043990434
FM_Az_NiBr3,2.27071031563316
FA_TriMA_HfCl3,2.27077919008508
i-PA_i-BuA_NiI3,2.27131200284594
FM_TriMA_NiBr3,2.27135795900788
FM_Cs_SnBr3,2.27156783455768
FA_Az_WCl3,2.27158534358264
3-Py_Cs_HfCl3,2.27168752982864
3-Py_i-BuA_TeCl3,2.2717667112376
TriMA_Az_PtCl3,2.27182730749154
NH4_TroP_MoCl3,2.27188503196154
3-Py_DiMA_GaBr3,2.27200074735894
3-Py_EA_GaBr3,2.27200074735894
TriMA_PhA_NiI3,2.27208764788272
FM_IM_GaBr3,2.27212996871136
FA_i-PA_HfCl3,2.27222444362905
EA_Cs_FeBr3,2.27229409369584
HA_IM_GaBr3,2.27275593557126
FM_i-PA_NiBr3,2.27280321255185
Cs_TiZ_GaBr3,2.27295727561003
FM_IM_NiBr3,2.2731197679543
FA_PhA_InBr3,2.27312334044169
FM_Cs_TeCl3,2.27315713646548
TetraMA_HY_NiBr3,2.27316208353767
FM_HY_FeBr3,2.27327161955923
HA_HY_CoBr3,2.27350692767564
FM_GUA_NiBr3,2.27359060395118
FM_FA_NiBr3,2.27366344389522
TriMA_Az_HfCl3,2.27371799738172
Cs_i-BuA_ZrI3,2.27372836696377
DiEA_TiZ_WCl3,2.2738407354771
DiEA_FA_TeCl3,2.27409746812403
DiMA_MA_ZrBr3,2.27412051861357
EA_MA_ZrBr3,2.27412051861357
HA_i-BuA_GaI3,2.27417798803858
Cs_TroP_GeI3,2.27419489431508
i-PA_TiZ_CoBr3,2.27433330619751
DiMA_IM_CoBr3,2.27460069412034
EA_IM_CoBr3,2.27460069412034
DiMA_GUA_HfBr3,2.27461820875282
EA_GUA_HfBr3,2.27461820875282
3-Py_HY_CoBr3,2.2748194182635
FM_AA_CoBr3,2.27508747555921
3-Py_Az_GaBr3,2.27543860453436
GUA_Py_PtCl3,2.27573423787839
TriMA_TiZ_CoBr3,2.27637014957952
3-Py_MA_CoBr3,2.276445193732
GUA_IM_CoBr3,2.27658845608628
TroP_Py_PtCl3,2.27683497999309
PhA_TiZ_CoBr3,2.27704586591635
EA_HA_GaI3,2.27735618169493
EA_NH4_CoBr3,2.27757494528012
EA_TetraMA_PtCl3,2.27766719253282
FM_TriMA_CoBr3,2.27788302443823
3-Py_DiMA_NiBr3,2.2779359925926
3-Py_EA_NiBr3,2.2779359925926
PhA_TiZ_MoCl3,2.2782168636534
3-Py_HY_GaBr3,2.27843235091446
HA_PhA_GaI3,2.27864363543838
FA_TiZ_GaBr3,2.27864390483723
TetraMA_DiMA_PtCl3,2.27873234493407
NH4_GUA_GaBr3,2.27902812505367
HY_TroP_PtCl3,2.27903643003244
DiMA_TroP_PdCl3,2.27910438419438
EA_TroP_PdCl3,2.27910438419438
IM_AA_CoBr3,2.27929560362821
NH4_HY_GeI3,2.27930512066458
FM_i-PA_CoBr3,2.27932827798221
TetraMA_HY_CoBr3,2.27951052530458
3-Py_TroP_PbBr3,2.27972003797177
3-Py_DiEA_GaI3,2.27999731322228
DiEA_FA_PtCl3,2.28000822417503
3-Py_TriMA_GaBr3,2.28033391478617
FA_AA_CoBr3,2.28050192292514
i-PA_MA_NiBr3,2.280648850308
EA_TetraMA_CoBr3,2.2809086658676
DiEA_GUA_ZrCl3,2.28114821652097
TetraMA_DiMA_CoBr3,2.28119774421616
3-Py_TiZ_SnBr3,2.28126242761223
FA_TriMA_GaBr3,2.28128600804339
DiMA_AA_HfCl3,2.28137528129584
IM_MA_NiBr3,2.28158556614062
FA_GUA_GaI3,2.28177580694263
3-Py_i-PA_GaBr3,2.28177916833015
i-PA_Az_PtCl3,2.28191910457664
FM_IM_CoBr3,2.28254752077995
Az_TiZ_GaBr3,2.28257535687083
TriMA_MA_NiBr3,2.28268569369002
Cs_TiZ_MoCl3,2.28271774180249
GUA_Py_SnBr3,2.28284046475233
FA_IM_CoBr3,2.28284054920315
HA_IM_NiBr3,2.28311354648517
TriMA_i-PA_CoBr3,2.28340824500604
PhA_DiMA_PtCl3,2.28378031743738
HY_i-BuA_GaI3,2.28395756879419
HA_HY_GaBr3,2.28395838942941
EA_PhA_InBr3,2.28428081487749
Cs_Py_GaBr3,2.28585342375962
DiEA_FA_FeBr3,2.28594637417502
FM_TriMA_WCl3,2.28613997872519
HA_PhA_FeBr3,2.28614014743758
TriMA_PhA_InBr3,2.28618458816917
FM_HA_FeBr3,2.28636328642128
HA_Az_CoBr3,2.28651767226442
IM_Py_GaBr3,2.28665060711269
NH4_DiMA_CoBr3,2.28671848778353
FA_HA_CoBr3,2.28712537009805
Cs_MA_ZrI3,2.28715898280104
i-PA_GUA_GaBr3,2.28719592482724
GUA_Az_CoBr3,2.28731168205262
DiEA_HA_GaI3,2.28741645867434
NH4_AA_CoBr3,2.28748618542265
TetraMA_AA_SnBr3,2.28760004461096
FM_PhA_CoBr3,2.28762842150938
GUA_AA_CoBr3,2.28790259779855
HA_TetraMA_NiBr3,2.2883045087333
HY_GUA_HfBr3,2.28849809052985
TriMA_MA_GaBr3,2.28852745323407
NH4_TiZ_WCl3,2.28858161815082
NH4_TiZ_ZrBr3,2.28881147989614
HY_DiMA_GaI3,2.28885612682582
FA_i-BuA_GaI3,2.28931831674635
HY_TiZ_NiBr3,2.28964400091284
3-Py_DiEA_PbI3,2.28988324121612
Cs_GUA_GaBr3,2.29018895110102
Cs_TroP_MoCl3,2.29024642188536
3-Py_FA_GaBr3,2.29068780091829
IM_MA_WCl3,2.2908952625256
Cs_DiMA_GaBr3,2.29093011680412
NH4_i-PA_HfCl3,2.29136315686864
i-PA_IM_CoBr3,2.29147467054853
DiMA_AA_WCl3,2.29157610646541
EA_AA_WCl3,2.29157610646541
3-Py_i-BuA_GaI3,2.29161147755917
DiEA_IM_WCl3,2.29172871852746
FA_Py_ZrCl3,2.29283899699916
TriMA_AA_WCl3,2.29288772242807
EA_AA_HfCl3,2.29339216649074
TriMA_IM_CoBr3,2.29351151393054
i-BuA_MA_WCl3,2.29397185094861
HA_GUA_HfBr3,2.29418670474391
TetraMA_IM_GaBr3,2.29424170908072
i-BuA_Py_MoCl3,2.29425647101191
i-PA_IM_MoCl3,2.29433444725393
i-PA_Py_PtCl3,2.29436446836937
i-PA_Py_SnBr3,2.29455448576466
i-PA_AA_WCl3,2.29478176413837
i-PA_DiMA_CoBr3,2.29479765931717
i-BuA_Py_TeCl3,2.29493315917755
3-Py_AA_NiBr3,2.29507679424257
AA_TiZ_GaBr3,2.29521619073098
3-Py_HA_NiBr3,2.29533039006063
HA_DiMA_GaI3,2.2954554984793
PhA_TroP_GeI3,2.29549809681942
DiMA_GUA_CoBr3,2.29575727393564
EA_GUA_CoBr3,2.29575727393564
MA_TiZ_CoBr3,2.29582964177496
EA_PhA_GaI3,2.29631397868208
Cs_TiZ_WCl3,2.29661754402291
TriMA_Py_PtCl3,2.29662039495761
TriMA_DiMA_CoBr3,2.29683450269919
i-PA_PhA_InBr3,2.29691600713916
Cs_PhA_FeBr3,2.29699762717089
FA_Az_CoBr3,2.2977027968896
EA_Cs_GaBr3,2.2977463654631
Az_MA_WCl3,2.29781526235059
TriMA_GUA_CoBr3,2.29791617801479
HY_IM_GaBr3,2.29800006044223
TroP_i-BuA_HfCl3,2.29836665537829
NH4_GUA_CoBr3,2.29847896609669
FM_TetraMA_WCl3,2.29858564198323
TriMA_PhA_PbI3,2.29880426710623
TroP_i-BuA_HgI3,2.29939616108837
i-PA_PhA_NiI3,2.29976142381805
i-PA_Az_HfBr3,2.29978191664067
i-PA_GUA_CoBr3,2.29980965788629
Cs_NH4_GaI3,2.30032319672833
FA_TriMA_CoBr3,2.30035372610465
PhA_AA_GaI3,2.30038604301916
GUA_TiZ_CoBr3,2.30043746958925
HY_AA_GaI3,2.30046163213558
3-Py_HA_CoBr3,2.30094609442737
i-PA_AA_CoBr3,2.30104660143058
EA_Cs_NiBr3,2.30120038612571
IM_i-BuA_TeCl3,2.30120188739419
FM_i-PA_WCl3,2.30126829192239
FA_i-PA_GaBr3,2.30143442688405
FA_i-PA_CoBr3,2.30179897964862
TriMA_IM_MoCl3,2.30181316613339
GUA_TiZ_GaBr3,2.30183196063098
FA_AA_GaBr3,2.30218155275843
TetraMA_AA_CoBr3,2.30232845181868
HA_Az_GaBr3,2.30236398164074
HY_MA_CoBr3,2.30241060944366
FM_MA_CoBr3,2.30247892595928
DiMA_i-BuA_HfI3,2.30252070891325
EA_i-BuA_HfI3,2.30252070891325
DiMA_Py_PtCl3,2.30253321585226
EA_Py_PtCl3,2.30253321585226
TriMA_AA_CoBr3,2.3030834448126
EA_NH4_HfBr3,2.30331749113822
EA_TriMA_CoBr3,2.30353263049874
TetraMA_i-BuA_HgBr3,2.30385554102495
DiEA_Py_MoCl3,2.3038877752101
FA_PhA_HgBr3,2.30421003288475
i-BuA_AA_GaI3,2.30472716980963
EA_i-PA_CoBr3,2.30497788404271
IM_i-BuA_GaI3,2.30521432509146
PhA_Py_TeCl3,2.30544654938876
TriMA_i-PA_TeCl3,2.30576937214694
TetraMA_NH4_GaBr3,2.30592109400648
TriMA_Az_HfBr3,2.30620067335607
PhA_i-BuA_InBr3,2.30638563880932
GUA_Az_NiBr3,2.30667543677172
FM_PhA_NiBr3,2.30706781560318
FA_HA_GaI3,2.30719610581591
FM_TetraMA_GaBr3,2.30761975692616
FA_i-PA_WCl3,2.30764574648901
PhA_GUA_ZrCl3,2.30766755756539
DiEA_MA_PtCl3,2.30769181318708
TetraMA_TroP_PbBr3,2.30773297317264
HY_MA_ZrBr3,2.30776945841147
HA_TriMA_NiBr3,2.30785229818009
FA_TetraMA_WCl3,2.30786074114414
PhA_Az_TeCl3,2.30786157657463
FA_MA_HfCl3,2.30807964743056
PhA_MA_MoCl3,2.30865004583663
TetraMA_MA_GaBr3,2.30909684069367
HA_TiZ_GaBr3,2.30923384002481
Cs_MA_CoI3,2.30946028498641
MA_TiZ_NiBr3,2.30948186533366
EA_HY_HfBr3,2.31022258085978
FM_NH4_CoBr3,2.31033577017092
NH4_IM_GaBr3,2.31034445699208
DiMA_i-BuA_NiI3,2.31076222724638
EA_i-BuA_NiI3,2.31076222724638
HA_Az_NiBr3,2.31076472030748
HA_TetraMA_CoBr3,2.31095991774004
FA_Az_NiBr3,2.31145543035979
HY_AA_HfCl3,2.31154013698978
HY_PhA_ZrCl3,2.31173908735407
HY_Py_GaBr3,2.312724360373
i-PA_i-BuA_SnI3,2.31276463200373
NH4_MA_CoBr3,2.31283484136514
HA_TiZ_NiBr3,2.31308352603055
FM_Az_WCl3,2.31320213120929
DiMA_IM_PtCl3,2.31325297422849
EA_IM_PtCl3,2.31325297422849
3-Py_HY_WCl3,2.31328952078643
DiEA_i-BuA_NiI3,2.31375303117577
FA_NH4_CoBr3,2.31384551123869
NH4_DiMA_HfBr3,2.31401422810121
TetraMA_GUA_HfBr3,2.31428104492729
TetraMA_MA_WCl3,2.31430956595042
3-Py_TriMA_SnBr3,2.31510113423634
HA_IM_CoBr3,2.31518393882393
DiEA_Az_GaI3,2.3152046690068
FA_TriMA_WCl3,2.31529320637509
PhA_Py_GaBr3,2.31534656303471
i-PA_PhA_WCl3,2.31557171836254
Cs_HY_TeCl3,2.31573310852636
FM_PhA_InBr3,2.31596054744367
DiMA_GUA_GaBr3,2.31613827813222
Py_MA_GaBr3,2.316349371372
FA_HA_FeBr3,2.31638210564156
i-BuA_TiZ_TeCl3,2.31638518714576
NH4_HY_CoBr3,2.31641342565075
3-Py_i-PA_SnBr3,2.31654638778031
PhA_GUA_CoBr3,2.31686896814153
TetraMA_GUA_CoBr3,2.31755141008628
HA_Py_GaBr3,2.31767507303827
FM_DiMA_GaBr3,2.31840599614601
HA_PhA_HgBr3,2.31843242273707
FM_EA_GaBr3,2.3184617205399
Cs_IM_GaBr3,2.31883310755993
EA_MA_WCl3,2.3188634491844
TetraMA_PhA_PbI3,2.31943354634334
DiMA_MA_WCl3,2.31948338965032
HA_NH4_CoBr3,2.32024621986935
DiEA_HY_GaI3,2.32051147765325
Cs_IM_CoBr3,2.32073421913401
DiEA_FA_HfBr3,2.32074749906847
HA_MA_CoBr3,2.32091740965144
NH4_Az_WCl3,2.32110639791367
TroP_i-BuA_MoCl3,2.32153957061513
FM_TroP_MoCl3,2.32154489282713
DiEA_NH4_ZrCl3,2.32176791329856
HA_TroP_SnBr3,2.32185484076662
TetraMA_Py_MoCl3,2.32291479554828
PhA_DiMA_ZrCl3,2.32296361718807
HA_Py_NiBr3,2.32316035179543
NH4_i-PA_ZrBr3,2.32350624529066
DiMA_IM_ZrCl3,2.323581538457
EA_IM_ZrCl3,2.323581538457
FM_TriMA_PtCl3,2.32369352655897
FA_PhA_NiBr3,2.3237825718341
FM_IM_WCl3,2.32380665773511
3-Py_NH4_WCl3,2.32405131836864
FM_i-PA_PtCl3,2.32513878010294
3-Py_HA_WCl3,2.32527784022883
HA_AA_GaI3,2.32571927308136
TroP_TiZ_GeI3,2.32595796696342
i-PA_DiMA_WCl3,2.32598458277884
AA_Az_GaBr3,2.32644377078775
FM_DiMA_CoBr3,2.32654802208966
FM_EA_CoBr3,2.32654802208966
Az_Py_PtCl3,2.32666782212606
TriMA_DiMA_WCl3,2.3267499408273
TetraMA_i-BuA_WCl3,2.32715294333929
HY_GUA_FeBr3,2.32734375749571
FA_TiZ_CoBr3,2.32743071203502
DiMA_TiZ_ZrCl3,2.32798847788699
EA_TiZ_ZrCl3,2.32798847788699
DiEA_NH4_HfBr3,2.32880757495708
EA_DiMA_CoBr3,2.32917649323135
TroP_IM_ZrCl3,2.32956659819437
TriMA_i-BuA_WCl3,2.33010662284751
TetraMA_TiZ_MoCl3,2.3312159786932
TetraMA_GUA_WCl3,2.33157924044065
HA_GUA_FeBr3,2.33160686438265
DiEA_Az_MoCl3,2.33188938245666
FA_TetraMA_HfBr3,2.3319318949775
EA_Py_WCl3,2.33212138429418
GUA_MA_HfCl3,2.33266004626658
3-Py_NH4_CoBr3,2.33272235469317
DiEA_PhA_WCl3,2.3327986261379
Cs_GUA_FeBr3,2.33291901652355
FM_Cs_NiBr3,2.33304955632106
Cs_NH4_PbBr3,2.33318758253006
DiMA_Az_WCl3,2.33388286925204
Py_TiZ_ZrCl3,2.33419805254013
GUA_AA_GaBr3,2.33427883034959
EA_Az_WCl3,2.33454602800829
i-PA_MA_WCl3,2.33489683224516
i-BuA_Az_TeCl3,2.33556685368328
i-PA_AA_HfBr3,2.33592557860469
NH4_PhA_PtCl3,2.33653741585098
DiEA_DiMA_WCl3,2.33702315623252
DiEA_EA_WCl3,2.33702315623252
i-PA_i-BuA_WCl3,2.3370955120599
DiEA_TroP_PtCl3,2.33716780913027
HY_PhA_GaI3,2.33727498769402
DiEA_i-BuA_WCl3,2.33729259711381
HA_TetraMA_WCl3,2.33770504506177
3-Py_DiEA_ZrBr3,2.33826015778596
PhA_TiZ_GaBr3,2.33866688627441
i-PA_MA_GaBr3,2.33874825962481
EA_TriMA_WCl3,2.33909568136258
i-PA_PhA_PbI3,2.33928853854368
TriMA_TiZ_PtCl3,2.33951772059794
3-Py_DiEA_TeCl3,2.33991219169931
HA_TriMA_CoBr3,2.33992269051885
DiEA_TriMA_InBr3,2.34014714864099
FM_Az_GaBr3,2.34029916675359
FA_HY_GeI3,2.34032389502942
EA_i-PA_WCl3,2.34054093490655
TriMA_MA_WCl3,2.34131558896056
HA_i-PA_CoBr3,2.34142366845672
TetraMA_Az_SnBr3,2.34143594605299
PhA_TroP_PtCl3,2.34175096793677
PhA_IM_MoCl3,2.34183781281483
DiMA_TroP_GeI3,2.34187808885279
EA_TroP_GeI3,2.34187808885279
DiEA_HY_CoBr3,2.34210750765004
DiMA_Py_WCl3,2.34219211273164
TriMA_AA_HfBr3,2.34234433532009
FA_HY_NiBr3,2.34238128459693
TetraMA_PhA_NiI3,2.34247392083942
FM_AA_GaBr3,2.34280659221456
Cs_MA_GaBr3,2.34349248904269
EA_TiZ_PtCl3,2.34401258887878
Cs_i-BuA_CoI3,2.34428792891389
HY_Py_WCl3,2.34550567196991
3-Py_FM_GaBr3,2.34562188244422
PhA_MA_TeCl3,2.34575464751138
FM_AA_ZrCl3,2.34602785342421
3-Py_PhA_PbI3,2.34606638394257
DiMA_AA_CoBr3,2.34642403599154
EA_AA_CoBr3,2.34642403599154
Az_TiZ_MoCl3,2.34660346671315
HA_TetraMA_GaBr3,2.34666197102575
DiMA_TiZ_PtCl3,2.34669594124775
Cs_NH4_GaBr3,2.346821191004
i-BuA_Az_GaI3,2.34699866226092
i-BuA_Az_MoCl3,2.34705087876457
FM_HA_NiBr3,2.34733929542714
3-Py_HA_GaBr3,2.34760923177776
DiEA_IM_TeCl3,2.3477118856936
TriMA_TroP_PtCl3,2.34776127755943
FM_DiEA_InBr3,2.3480082615834
EA_PhA_PbI3,2.34814048826103
Cs_AA_HfI3,2.3482217184715
DiEA_FA_GaI3,2.34840787593313
HY_DiMA_HfBr3,2.34851307213303
FM_TiZ_WCl3,2.348646731003
PhA_MA_PtCl3,2.34898075028297
HA_i-PA_HfBr3,2.34919801558906
FM_IM_PtCl3,2.34926937486461
i-PA_IM_PtCl3,2.34954271410912
TriMA_MA_HfBr3,2.349637901261
3-Py_IM_MoCl3,2.35047985728989
TetraMA_Py_GaBr3,2.35058810481969
FM_Az_PtCl3,2.35077509135548
TriMA_IM_PtCl3,2.35098223816471
NH4_AA_ZrBr3,2.35120547963585
TriMA_Py_ZrCl3,2.35156404156128
NH4_IM_ZrCl3,2.35167410972502
DiEA_i-PA_InBr3,2.35213778244471
3-Py_Cs_CoBr3,2.35360144099038
Cs_Az_CoBr3,2.35363363135175
i-PA_MA_HfBr3,2.35394526621639
DiEA_MA_GaI3,2.35408297374607
TetraMA_HY_WCl3,2.35416599449539
HY_AA_PtCl3,2.35454796002139
DiEA_AA_ZrCl3,2.35481695652525
NH4_i-PA_WCl3,2.35504955422547
IM_AA_PtCl3,2.3551303756949
TriMA_i-BuA_PbI3,2.35520623284651
TriMA_PhA_WCl3,2.35523402664994
i-PA_TroP_HfCl3,2.35530176579484
IM_TiZ_SnBr3,2.35560873180393
Cs_PhA_GaBr3,2.35567002736483
AA_TiZ_PtCl3,2.35581606631997
TetraMA_i-PA_TeCl3,2.35617835723272
TetraMA_Az_PtCl3,2.35634131972085
i-PA_GUA_HfCl3,2.35657775952906
NH4_PhA_WCl3,2.35673574243294
IM_MA_PtCl3,2.35689394126811
HY_PhA_MoCl3,2.35699591038358
TetraMA_i-PA_PtCl3,2.35719248743821
i-PA_IM_GaBr3,2.35727435912483
DiEA_DiMA_MoCl3,2.35730116039297
DiEA_EA_MoCl3,2.35730116039297
PhA_Py_HfCl3,2.35731430781846
Cs_HY_NiBr3,2.35773681451702
DiEA_HY_WCl3,2.35788992656631
3-Py_Py_MoCl3,2.35798634858925
DiEA_HA_WCl3,2.35884125870405
i-PA_TroP_PtCl3,2.35917937609163
HY_GUA_CoBr3,2.35930411803851
HY_Az_PtCl3,2.35949019206779
DiEA_NH4_WCl3,2.35964974030565
GUA_i-BuA_GaI3,2.35971695125364
FM_TetraMA_PtCl3,2.36022700647361
NH4_PhA_GaI3,2.36037778516136
HY_Py_PtCl3,2.36038687200978
TetraMA_IM_MoCl3,2.36054541100091
3-Py_PhA_SnI3,2.36113474505871
FM_TiZ_PtCl3,2.3614930982626
FM_TriMA_GaBr3,2.36150714573078
IM_TiZ_ZrCl3,2.36153707801977
GUA_MA_PtCl3,2.3615719176994
TetraMA_i-BuA_NiI3,2.361649272448
NH4_AA_GaBr3,2.3617738212969
Az_MA_PtCl3,2.36203466785026
Cs_MA_NiBr3,2.36213758224982
Py_TiZ_PtCl3,2.36227864850317
Cs_i-BuA_NiI3,2.36239741202518
FA_MA_PtCl3,2.36251799465929
TriMA_TetraMA_PtCl3,2.36264379784985
DiEA_GUA_HfBr3,2.3627548846877
NH4_TiZ_ZrCl3,2.36276690791423
HY_Py_ZrCl3,2.36279716311529
NH4_IM_WCl3,2.36296040519711
TriMA_GUA_HfCl3,2.36299651624446
Cs_TroP_GeBr3,2.36301001722278
3-Py_DiMA_MoCl3,2.36326225814548
3-Py_EA_MoCl3,2.36326225814548
3-Py_AA_MoCl3,2.36331798253937
FM_i-PA_GaBr3,2.363615558031
Cs_i-PA_CoBr3,2.36411453288363
FA_Py_PtCl3,2.36416071630265
HA_TriMA_HfBr3,2.36420933247528
DiEA_HA_FeBr3,2.36471553655256
EA_NH4_ZrBr3,2.36479962957828
TriMA_TroP_ZrCl3,2.36518543708053
NH4_Az_ZrCl3,2.36558290963322
DiEA_Py_ZrCl3,2.36561902996475
TroP_MA_MnI3,2.36572057005014
PhA_GUA_WCl3,2.36603537734496
Az_TiZ_PtCl3,2.36607346005088
NH4_TroP_GeI3,2.36630515070958
HA_Py_WCl3,2.36665817833249
Cs_HY_GaBr3,2.36764321098841
3-Py_TroP_GeBr3,2.36913786458928
IM_Az_MoCl3,2.36951719106141
FA_i-BuA_HfBr3,2.36969239776218
FA_TetraMA_ZrBr3,2.37007126436672
DiEA_MA_TeCl3,2.37025821140309
TetraMA_NH4_CoBr3,2.3709563077969
3-Py_TiZ_MoCl3,2.37202141600716
TroP_TiZ_GeBr3,2.37223054405948
DiEA_GUA_GaI3,2.37225588713325
DiEA_HA_CoBr3,2.37229412920407
HA_i-PA_NiBr3,2.37241275196536
DiEA_i-BuA_PbI3,2.37269615125023
DiMA_Az_PtCl3,2.37275077071129
EA_Az_PtCl3,2.37275077071129
TroP_TiZ_PbBr3,2.37302584910271
FM_Py_WCl3,2.37329325080655
IM_TiZ_PtCl3,2.37361743938801
MA_TiZ_PtCl3,2.37366655024195
i-PA_AA_ZrBr3,2.37406494799392
TetraMA_Cs_CoBr3,2.37501611601236
DiMA_MA_HfCl3,2.37505176777515
NH4_GUA_ZrBr3,2.37534671704272
NH4_Py_PtCl3,2.37560382647813
FM_HY_CoBr3,2.37592607851407
3-Py_FM_CoBr3,2.37603104249625
GUA_MA_CoBr3,2.37607260907284
PhA_AA_MoCl3,2.37607802441915
TriMA_TiZ_ZrCl3,2.37608870885289
FA_GUA_HfCl3,2.3760933186442
TetraMA_TiZ_PbBr3,2.37613220740102
DiEA_FA_ZrBr3,2.37673734994364
3-Py_DiMA_WCl3,2.37688060025365
3-Py_EA_WCl3,2.37688060025365
Cs_DiMA_CoBr3,2.37708843735309
PhA_IM_GaBr3,2.3785546330778
3-Py_TriMA_MoCl3,2.37897776288578
Cs_PhA_CoBr3,2.37915372760093
HA_MA_ZrBr3,2.37934490255715
TetraMA_TiZ_GaBr3,2.37940595076375
NH4_AA_PtCl3,2.3801261615869
TriMA_NH4_WCl3,2.38027567048602
TetraMA_IM_WCl3,2.38037229476918
3-Py_i-PA_MoCl3,2.38042301642976
EA_HY_GaBr3,2.38044314119423
TriMA_AA_ZrBr3,2.38048370470931
3-Py_DiEA_WCl3,2.38088312365043
HY_IM_PtCl3,2.38113010151995
TetraMA_PhA_WCl3,2.38125952959963
NH4_Py_WCl3,2.38198970481663
TetraMA_TroP_PtCl3,2.38208922045569
HA_Py_ZrCl3,2.38276204207524
i-PA_GUA_ZrBr3,2.38329617011078
FM_GUA_CoBr3,2.38345497121691
NH4_IM_CoBr3,2.38493699484666
DiEA_i-BuA_SnI3,2.38518785437418
HA_Cs_PbBr3,2.38539728635236
i-PA_HY_HfCl3,2.38569056657993
Cs_PhA_WCl3,2.38583385713722
FA_Cs_GaBr3,2.38602874907533
i-BuA_AA_PtCl3,2.38616781121695
3-Py_i-BuA_WCl3,2.38661203616344
Py_MA_MoCl3,2.38681087233777
EA_MA_HfCl3,2.38706865297006
3-Py_FM_WCl3,2.38729751192137
HY_TroP_SnBr3,2.38732060974917
FM_GUA_ZrCl3,2.38746670192575
TetraMA_PhA_TeCl3,2.38748959903439
FM_Py_PtCl3,2.38773909733697
Cs_AA_CoBr3,2.38803142621913
AA_Py_WCl3,2.38863204575485
HY_AA_CoBr3,2.38872102502792
i-PA_MA_PtCl3,2.38888944974478
TroP_Az_PtCl3,2.3894747450816
TriMA_GUA_ZrBr3,2.38971492682618
HA_IM_PtCl3,2.38985234720153
i-BuA_Py_GaBr3,2.39002035974521
TetraMA_HY_HfBr3,2.39153120485558
NH4_PhA_CoBr3,2.39207315738865
TriMA_HY_HfCl3,2.39210932329533
3-Py_IM_WCl3,2.39229473263393
FA_MA_GaBr3,2.39278637872087
PhA_MA_GaI3,2.39327944046249
DiEA_DiMA_HfI3,2.39328775426864
DiEA_EA_HfI3,2.39334347866253
FA_MA_GeI3,2.39365790182949
DiEA_GUA_CoBr3,2.39415531759573
DiEA_Py_HfCl3,2.39419627276141
EA_DiMA_WCl3,2.39505785205856
HA_TroP_PtCl3,2.39590655537505
TetraMA_NH4_WCl3,2.39633045593345
FA_TetraMA_PtCl3,2.39635570436345
HA_HY_GaI3,2.39638845671777
DiEA_Cs_GaI3,2.39651552344689
Cs_AA_GaBr3,2.39723846450667
FA_MA_ZrBr3,2.39727288948119
TetraMA_TroP_ZrCl3,2.39729687712616
i-BuA_MA_PtCl3,2.39734736827732
TriMA_MA_PtCl3,2.39742321909435
TriMA_Cs_CoBr3,2.39753402124538
FM_Az_CoBr3,2.3976538969742
FM_PhA_HgBr3,2.39847997826979
HA_GUA_CoBr3,2.39848413571891
NH4_i-PA_PtCl3,2.39849284241217
NH4_DiMA_ZrBr3,2.39882798134593
i-BuA_AA_TeCl3,2.39929315515055
i-BuA_Py_ZrCl3,2.39964804757493
FA_Az_PtCl3,2.39974681845096
HA_PhA_PtCl3,2.39988235450784
FA_PhA_PbI3,2.40029910394555
PhA_DiMA_MoCl3,2.40052522840939
FM_FA_CoBr3,2.40077814306789
FM_i-BuA_HfCl3,2.40147804578534
i-PA_Az_ZrBr3,2.40148593662191
AA_Az_PtCl3,2.40177725745399
Cs_NH4_TeCl3,2.40241430658463
HY_DiMA_GaBr3,2.4024751593345
DiMA_MA_GeI3,2.40281314166634
EA_MA_GeI3,2.40281314166634
PhA_AA_HfCl3,2.40303419902089
GUA_i-BuA_HfBr3,2.40309339041448
HA_TriMA_HfCl3,2.40345143892371
GUA_MA_NiBr3,2.40451759023262
EA_HA_GaBr3,2.40490671999397
3-Py_DiEA_SnI3,2.40552241566334
TetraMA_NH4_PtCl3,2.40580225366057
FA_HY_ZrBr3,2.40584254746073
EA_DiMA_HfBr3,2.40627117892629
TroP_IM_GeBr3,2.40663919632655
EA_HY_GeI3,2.40685126803718
TriMA_Az_ZrBr3,2.4079046933373
i-BuA_MA_SnBr3,2.40812423896277
FM_DiMA_PtCl3,2.40834507467893
FM_EA_PtCl3,2.40834507467893
HY_GUA_PtCl3,2.40840252667076
Cs_HY_PbBr3,2.40854361725574
TroP_AA_HgI3,2.40869425488999
HA_Az_PtCl3,2.40942617515122
TetraMA_AA_HfBr3,2.41058415417492
TetraMA_AA_PbBr3,2.41090141260345
Cs_HY_FeBr3,2.41150058316962
FM_AA_PtCl3,2.4121391166417
PhA_i-BuA_HgBr3,2.41224565298226
i-PA_AA_PtCl3,2.4126095416839
FM_DiEA_HfCl3,2.41266298981741
PhA_IM_TeCl3,2.41353166315797
HA_TiZ_PtCl3,2.41380130607289
DiEA_NH4_PtCl3,2.41418466294306
FA_Cs_NiBr3,2.41418496968369
EA_PhA_SnI3,2.41589412250492
TetraMA_MA_PtCl3,2.41596697400147
FA_HA_NiBr3,2.41671778600203
3-Py_TiZ_WCl3,2.41698605801151
AA_MA_PtCl3,2.4176999706453
EA_MA_PtCl3,2.4176999706453
HY_AA_NiBr3,2.41782916494395
DiEA_i-BuA_HgBr3,2.41825970321059
NH4_DiMA_HfCl3,2.41876422019089
IM_i-BuA_NiI3,2.41908635170477
HA_i-PA_HfCl3,2.41909852561389
TriMA_NH4_PtCl3,2.41932398954206
3-Py_AA_PbBr3,2.42019083721245
IM_MA_ZrCl3,2.42107859096583
HY_DiMA_PtCl3,2.42129749680728
TriMA_Az_GaBr3,2.42224888109473
HY_IM_ZrBr3,2.42232879203831
i-BuA_Py_HfCl3,2.42239196565724
FM_PhA_WCl3,2.42309135797417
HA_DiMA_PtCl3,2.42312523103384
Cs_NH4_FeBr3,2.42329557752394
DiMA_Az_HfBr3,2.42330561332042
EA_Az_HfBr3,2.42330561332042
TroP_Py_PbBr3,2.42336632505968
HA_DiMA_GaBr3,2.42463651993834
HA_TetraMA_HfBr3,2.42543957401927
HA_HY_GeI3,2.42551916168112
TetraMA_HY_PtCl3,2.42556181574479
3-Py_MA_ZrCl3,2.42676958142939
i-PA_TiZ_PtCl3,2.42729832117156
TriMA_MA_GeI3,2.42803182856765
EA_Cs_CoBr3,2.42846324822264
IM_i-BuA_NiBr3,2.42850146184165
3-Py_DiMA_ZrCl3,2.42879392697957
3-Py_EA_ZrCl3,2.42879392697957
IM_Py_PtCl3,2.42904742301513
HA_DiMA_ZrBr3,2.42962713513535
EA_NH4_HfCl3,2.43006462105665
PhA_i-BuA_MoCl3,2.43017136586985
FA_HA_ZrBr3,2.43042231368555
DiMA_MA_PtCl3,2.43060779212181
TetraMA_NH4_HfCl3,2.43117026870249
TriMA_HY_PtCl3,2.4315346109163
TroP_TiZ_PdCl3,2.43182865177681
HA_Cs_GaBr3,2.43192857072283
TetraMA_AA_ZrBr3,2.43213513530038
GUA_TroP_ZrCl3,2.43217591788522
TriMA_AA_PtCl3,2.43328297878196
DiEA_HA_ZrBr3,2.43333024740113
HA_PhA_InBr3,2.43349145996652
IM_i-BuA_MoCl3,2.43380745872121
IM_Az_WCl3,2.43383128374544
GUA_AA_ZrBr3,2.43408204537392
IM_Az_PbBr3,2.43409325747443
DiEA_HY_ZrBr3,2.43417405388933
FM_PhA_GaBr3,2.43522467084456
i-PA_Az_MoCl3,2.43589348135756
PhA_Az_GaI3,2.43622919877335
DiEA_Cs_SnBr3,2.43690200423702
FA_PhA_CoBr3,2.4381315367414
FA_AA_ZrBr3,2.43831968630525
i-PA_Py_ZrCl3,2.43850602700299
HA_GUA_PtCl3,2.43889354894282
HA_Py_PtCl3,2.43961359411455
FA_TiZ_PtCl3,2.44041564789421
FM_Cs_WCl3,2.44071777102431
i-BuA_TiZ_WCl3,2.44082385894972
i-PA_HY_PtCl3,2.44114858699183
DiMA_AA_ZrBr3,2.44127354781963
EA_AA_ZrBr3,2.44127354781963
FM_FA_PtCl3,2.44210291384931
Az_Py_GaBr3,2.44295143929971
FA_GUA_FeBr3,2.4433970369945
DiEA_PhA_ZrCl3,2.44375655885841
DiEA_MA_HfI3,2.44380505370498
FA_i-BuA_FeBr3,2.44426919358334
MA_TiZ_ZrCl3,2.44433529809388
TroP_Py_HfCl3,2.44494364399259
TetraMA_GUA_HfCl3,2.44563109525645
3-Py_TroP_MgI3,2.44575197592346
TetraMA_TiZ_WCl3,2.44636450422092
HA_NH4_GaI3,2.44641409552923
PhA_Az_HfCl3,2.44669837757196
GUA_TiZ_PtCl3,2.44670613002939
EA_HY_PtCl3,2.44808520518468
i-PA_DiMA_PtCl3,2.44830148846514
TetraMA_PhA_MoCl3,2.44832512403889
DiEA_AA_ZrBr3,2.44833149466395
FA_TriMA_ZrBr3,2.44922313400528
FM_PhA_PtCl3,2.44927698630312
Az_MA_GeI3,2.44940486109949
i-PA_i-BuA_PbI3,2.44968365460179
FA_i-PA_ZrBr3,2.45066838754926
Cs_GUA_NiBr3,2.45114111138254
HY_TiZ_ZrBr3,2.45193270978657
GUA_MA_GaBr3,2.45217961337365
TriMA_DiMA_PtCl3,2.45236303748924
TroP_IM_PbBr3,2.45281724563882
Cs_HY_GaI3,2.4531964732561
EA_PhA_TeCl3,2.45365954855521
TroP_MA_TiI3,2.45387414172833
DiEA_PhA_MoCl3,2.45402524195009
TriMA_AA_GaBr3,2.45444178745821
TriMA_PhA_SnI3,2.45463012012105
PhA_IM_HfCl3,2.45503559729335
FA_HA_GeI3,2.45537061411984
PhA_TroP_SnBr3,2.45551846711608
IM_i-BuA_FeBr3,2.45581266739019
FA_i-BuA_NiBr3,2.4566496186892
TetraMA_AA_HfCl3,2.45669302711938
EA_i-PA_PtCl3,2.45702404861595
3-Py_i-BuA_FeBr3,2.4573036372517
DiEA_HY_PtCl3,2.45735005950066
DiEA_AA_HfBr3,2.45781765982003
3-Py_DiEA_NiI3,2.45784079923341
FM_PhA_SnI3,2.45788334289401
TriMA_PhA_GaI3,2.45788771116617
GUA_MA_ZrBr3,2.45808844746072
DiMA_AA_GaBr3,2.45812983556909
FM_GUA_PtCl3,2.45868111709108
HA_PhA_MoCl3,2.45892912858522
Cs_PhA_NiBr3,2.45915801988492
HA_PhA_CoBr3,2.45931736144137
AA_Py_GaBr3,2.45945460158927
NH4_PhA_NiBr3,2.45959946822007
HA_AA_PtCl3,2.45961830334044
3-Py_PhA_CoBr3,2.45978815181949
3-Py_TiZ_PbBr3,2.45984073185431
FM_TriMA_ZrCl3,2.45995432089877
FA_HY_PtCl3,2.46043792253666
PhA_Az_HgI3,2.46048544373314
NH4_i-PA_PdCl3,2.46066167165185
Cs_TroP_CdBr3,2.46094645212184
HY_PhA_FeBr3,2.46146034128513
FA_IM_PbBr3,2.46166101015986
EA_TriMA_PtCl3,2.46180075397418
TriMA_TiZ_GaBr3,2.46184116170823
i-BuA_TiZ_GaBr3,2.46247494466847
PhA_i-BuA_FeBr3,2.46272099711089
TriMA_Az_MoCl3,2.46275020228293
FA_HA_PtCl3,2.46382801832615
DiEA_TroP_SnBr3,2.4643944877559
TetraMA_Cs_GeI3,2.46443704822967
HA_GUA_GaI3,2.46525088615548
IM_AA_PbBr3,2.46530489776967
FM_NH4_HfCl3,2.46548090474649
FA_GUA_PtCl3,2.4657608498798
Cs_Py_GeI3,2.46617573759564
FA_IM_PtCl3,2.46623007271815
FA_Az_ZrCl3,2.4666896617408
GUA_Az_PtCl3,2.4668254790817
3-Py_Py_PbBr3,2.46689153338949
TriMA_TetraMA_GaI3,2.46727129097951
NH4_i-BuA_FeBr3,2.46820725946748
TetraMA_AA_PtCl3,2.46842063372729
DiEA_NH4_HfCl3,2.46876157744873
FM_i-BuA_FeBr3,2.46880903931284
TroP_i-BuA_SnBr3,2.4690171927878
TetraMA_NH4_GeI3,2.46912276844161
HY_AA_ZrBr3,2.46921975999347
i-PA_PhA_SnI3,2.46944213171519
DiEA_TetraMA_GaI3,2.46945279804368
FA_AA_PtCl3,2.46970874837901
TroP_i-BuA_GeI3,2.46995352654959
Cs_TroP_CaI3,2.47052297094341
i-PA_TiZ_GaBr3,2.471054334495
NH4_TroP_TiI3,2.47219152892096
FM_HA_CoBr3,2.47238140438384
FA_TetraMA_HfCl3,2.47533033831025
HY_DiMA_GeI3,2.47559771072166
FM_i-PA_ZrCl3,2.47560140758895
HA_Az_ZrBr3,2.47570653618534
TriMA_Cs_GeI3,2.47573325478174
Cs_GUA_PdCl3,2.47631644772609
i-PA_Az_WCl3,2.47638180772632
GUA_IM_PtCl3,2.4764647827447
HY_PhA_SnI3,2.47647479879327
FM_PhA_MoCl3,2.47700512404524
FA_TiZ_PbBr3,2.47707411278117
i-BuA_TiZ_SnBr3,2.47752284837741
HA_AA_NiBr3,2.47772363830719
FA_DiMA_PtCl3,2.47810828851762
i-PA_AA_GaBr3,2.47825190419615
DiMA_GUA_PtCl3,2.47924032511443
EA_GUA_PtCl3,2.47924032511443
FM_TroP_CaI3,2.4792546721367
i-PA_PhA_GaI3,2.47954620612102
FA_TriMA_PtCl3,2.479914151813
HY_PhA_HgBr3,2.48023777626715
DiMA_MA_PdCl3,2.48088677582629
EA_MA_PdCl3,2.48088677582629
TetraMA_i-PA_GaI3,2.48102202990557
Cs_PhA_MoCl3,2.48102218276129
DiEA_TriMA_GaI3,2.48127477522982
TetraMA_HY_GaBr3,2.48134003148173
FA_i-PA_PtCl3,2.48135940535697
TetraMA_Az_PbBr3,2.48204567788374
FA_TiZ_ZrCl3,2.48235433798061
DiEA_PhA_HfCl3,2.48251079333709
EA_FA_PtCl3,2.48311738251073
EA_TriMA_PbBr3,2.4836211161688
i-BuA_AA_ZrCl3,2.48414459402095
FA_GUA_CoBr3,2.48459691049669
Cs_TroP_PdCl3,2.48501227178338
Cs_PhA_ZrCl3,2.48548066185114
3-Py_GUA_PbBr3,2.48608015663408
EA_NH4_GeI3,2.4862632478468
NH4_Az_PdCl3,2.4864270695404
i-PA_AA_HfCl3,2.48685916779856
DiEA_EA_SnBr3,2.48705748655022
i-PA_Az_GaBr3,2.48720593868309
TriMA_AA_PbBr3,2.48721416600827
TetraMA_DiMA_PbBr3,2.48740887201292
TetraMA_GUA_PbBr3,2.48741656612701
Cs_i-BuA_FeBr3,2.48748261946062
EA_HY_ZrBr3,2.48748958321982
DiEA_Cs_FeBr3,2.48776931014729
DiMA_Py_GaBr3,2.48840877083792
HY_GUA_NiBr3,2.48889653394249
DiEA_Py_TeCl3,2.490363935393
HA_PhA_SnI3,2.49090421308601
Cs_AA_GeI3,2.4911116746968
PhA_TroP_TeCl3,2.49125319242827
DiEA_i-PA_GaI3,2.4913236672643
TetraMA_PhA_SnI3,2.49133877017187
GUA_i-BuA_NiBr3,2.49176736801926
NH4_DiMA_PdCl3,2.49206882083417
FM_DiEA_SnI3,2.49207070297168
HY_PhA_PtCl3,2.49212590363169
DiEA_NH4_PdCl3,2.49248128486015
EA_HA_GeI3,2.49250920438776
EA_PhA_FeBr3,2.49253326607934
DiEA_FA_HfCl3,2.49260399076065
HA_PhA_NiBr3,2.4931475524669
TriMA_AA_HfCl3,2.49327792451396
Cs_NH4_PdCl3,2.4933030112973
Az_TiZ_PbBr3,2.49435570896325
Cs_TiZ_ZrCl3,2.4944407178441
HA_TriMA_PtCl3,2.49471607829771
Cs_DiMA_GeI3,2.49477137299184
DiMA_TroP_PbBr3,2.49479280479451
EA_TroP_PbBr3,2.49479280479451
EA_HA_PtCl3,2.49546132740376
FA_TroP_PbBr3,2.49550427644613
HA_AA_CoBr3,2.4958155496649
FA_HY_GaBr3,2.49586078436554
PhA_DiMA_HfCl3,2.49591248240235
TriMA_PhA_TeCl3,2.49608841818335
HA_i-PA_PtCl3,2.49616133184168
PhA_TroP_PdCl3,2.49623211942843
EA_TetraMA_PbBr3,2.4962321804102
DiMA_i-BuA_PtCl3,2.49677075574781
FA_GUA_NiBr3,2.4967913963301
HY_DiMA_HfCl3,2.49732322045635
DiEA_GUA_HfCl3,2.49857126708497
i-PA_GUA_PtCl3,2.49885516107219
FA_TetraMA_PbBr3,2.49957191253664
Cs_IM_PdCl3,2.49983291195142
FM_TroP_TiBr3,2.50019294437481
EA_DiMA_PbBr3,2.50045556747393
TriMA_TroP_GeBr3,2.50067913159923
TriMA_Az_PbBr3,2.50068658299669
Cs_i-PA_PdCl3,2.5011477947634
TetraMA_TroP_MgI3,2.50140095256419
HY_Az_ZrCl3,2.50148546084904
HA_i-BuA_HfBr3,2.50157286630161
TroP_Az_TiI3,2.50179524452234
FA_TroP_HgI3,2.50190763954592
Cs_i-PA_GeI3,2.5020227336139
HY_DiMA_ZrBr3,2.50230029935791
EA_DiMA_PtCl3,2.50278458101634
FA_HA_GaBr3,2.50394127480442
FM_TroP_MnI3,2.50398968239666
TriMA_DiMA_PbBr3,2.50399056349272
3-Py_PhA_FeBr3,2.50411039996175
EA_DiMA_GeI3,2.50443104338438
HY_MA_GeI3,2.50446216644711
Cs_TiZ_GeI3,2.50478731919138
HA_Cs_TeCl3,2.50508520855937
HY_AA_GaBr3,2.50536159855014
TriMA_GUA_PtCl3,2.50561763217549
FA_Cs_CoBr3,2.50569816814563
HY_i-BuA_HfBr3,2.50601497480516
3-Py_PhA_HfCl3,2.50603031320822
EA_DiMA_GaBr3,2.50607662719098
PhA_IM_HgI3,2.50648539362884
Cs_i-BuA_HfBr3,2.50660083337975
TetraMA_DiMA_WCl3,2.50716824202934
EA_TetraMA_WCl3,2.50733357918725
HY_PhA_NiBr3,2.50785017504371
EA_Cs_GeI3,2.50841251519587
GUA_i-BuA_FeBr3,2.50882708444107
EA_AA_PtCl3,2.50899010707811
FM_i-BuA_CoBr3,2.50911082659512
FA_NH4_GeI3,2.50912164395555
TriMA_NH4_GeI3,2.50972260436144
DiMA_AA_PtCl3,2.5097661811308
HY_i-BuA_FeBr3,2.5099608041866
TetraMA_Az_GaBr3,2.51058625820524
TroP_i-BuA_TeCl3,2.51070994504
FA_Az_PbBr3,2.5110015760568
AA_Az_ZrCl3,2.51103514698067
IM_i-BuA_WCl3,2.51115543506948
PhA_TroP_ZrCl3,2.511238191622
TetraMA_PhA_ZrBr3,2.51128767141412
i-PA_Py_GaBr3,2.51162418085099
EA_HA_ZrBr3,2.51185004390528
Cs_IM_HfBr3,2.51212806349836
TetraMA_GUA_ZrBr3,2.51219873221496
EA_Py_GaBr3,2.51261465517821
EA_i-BuA_TeCl3,2.51270785064683
GUA_AA_PtCl3,2.51323671857905
HA_MA_PtCl3,2.51340970280391
EA_IM_GaBr3,2.51400606303406
PhA_DiMA_HgI3,2.51485442121388
Py_TiZ_PbBr3,2.51491636358233
i-PA_MA_HfCl3,2.51650656162142
Cs_TroP_TiBr3,2.5165216768704
3-Py_TriMA_PbBr3,2.51701193139665
3-Py_TetraMA_PbBr3,2.51714900810745
IM_i-BuA_CoBr3,2.51728282352736
PhA_Py_TiBr3,2.51745372776219
DiMA_Az_PbBr3,2.51794658379203
EA_Az_PbBr3,2.51794658379203
DiEA_TiZ_TiI3,2.51832153802191
DiEA_TroP_PdCl3,2.51952527060821
i-PA_i-BuA_NiBr3,2.51961972667393
TriMA_i-PA_WCl3,2.52012153767595
FM_DiEA_HgBr3,2.52034461152724
TriMA_GUA_PbBr3,2.5206755590367
TroP_IM_PdCl3,2.52071236098604
EA_HY_HfCl3,2.52071658217993
NH4_DiMA_GeI3,2.52216785046593
TriMA_Az_WCl3,2.52217785739189
Cs_MA_PdCl3,2.52229159720711
DiMA_i-BuA_FeBr3,2.52286590773488
TriMA_MA_HfCl3,2.52292531833682
i-PA_MA_GeI3,2.52301325595483
HY_PhA_InBr3,2.52347081828489
TriMA_TetraMA_MoCl3,2.52348598284066
HY_TroP_MoCl3,2.52350419594227
TriMA_IM_PbBr3,2.52362321792953
TriMA_i-BuA_NiBr3,2.52380819183903
FA_GUA_ZrBr3,2.52421724428816
FA_TriMA_PbBr3,2.52428156576232
DiMA_AA_PbBr3,2.52556628248439
EA_AA_PbBr3,2.52556628248439
Az_MA_ZrCl3,2.52576733287519
EA_TiZ_GaBr3,2.52616134274892
TriMA_Py_GaBr3,2.52634882913669
i-BuA_Py_SnBr3,2.52672956066661
Cs_Az_PdCl3,2.52694980455848
GUA_Az_PbBr3,2.52744919173849
DiEA_MA_HgI3,2.52769731154716
Cs_i-BuA_GaBr3,2.5281959446104
Cs_IM_GeI3,2.52824375057923
Az_Py_MoCl3,2.52838415563145
PhA_TiZ_SnBr3,2.52850299607534
DiEA_PhA_InBr3,2.52890173378741
EA_GUA_HfCl3,2.52910281516114
3-Py_TroP_PdCl3,2.52913269309542
DiEA_Cs_ZrI3,2.52927296625175
HA_TetraMA_PtCl3,2.52948194143515
FA_PhA_PtCl3,2.52987576582914
3-Py_TetraMA_MoCl3,2.53037152897811
MA_TiZ_PbBr3,2.53070821310622
NH4_PhA_InBr3,2.53076947148467
HA_TiZ_ZrBr3,2.53109760791888
HA_DiMA_GeI3,2.53127328388063
IM_TiZ_PbBr3,2.53130063830343
Cs_IM_PtCl3,2.53132591959252
DiEA_AA_HfCl3,2.53177500806626
3-Py_DiMA_PbBr3,2.53186470447411
3-Py_EA_PbBr3,2.53186470447411
DiEA_FA_HgI3,2.53301303142122
3-Py_PhA_NiBr3,2.5330584764896
DiMA_Az_ZrBr3,2.53312661269096
EA_Az_ZrBr3,2.53312661269096
3-Py_TetraMA_HgI3,2.53326974494046
HA_AA_GaBr3,2.53327263577003
TetraMA_i-PA_MoCl3,2.53357539492523
i-PA_GUA_PbBr3,2.53373750864674
TroP_i-BuA_GaBr3,2.53388540724409
GUA_TroP_MoCl3,2.5346943252475
HA_TroP_HgI3,2.53519710499078
i-PA_i-BuA_FeBr3,2.53544196665711
HA_NH4_PbBr3,2.53548315259654
EA_AA_GaBr3,2.53558351579234
EA_PhA_HgBr3,2.53575792365869
HA_TetraMA_HfCl3,2.53618452395855
TetraMA_i-BuA_GaI3,2.53721644590914
DiEA_DiMA_SnBr3,2.53731767165524
3-Py_Cs_ZrCl3,2.53786941394337
GUA_TiZ_ZrCl3,2.53792225101786
TriMA_MA_PbBr3,2.53847859216706
AA_TiZ_PbBr3,2.53918722241353
DiEA_HA_HgI3,2.5392026483473
DiEA_IM_GaBr3,2.53944074668196
DiEA_DiMA_HgI3,2.53962298545596
TriMA_i-BuA_FeBr3,2.53963043182221
TetraMA_MA_PbBr3,2.53963176528911
DiEA_Cs_GaBr3,2.54001244094429
DiEA_HY_ZrCl3,2.54011116277069
GUA_IM_ZrCl3,2.54014119086287
HA_Cs_GaI3,2.54023056423104
FA_IM_ZrCl3,2.54090479774777
HA_PhA_WCl3,2.54132799108742
GUA_AA_PbBr3,2.54157261928594
AA_Py_PbBr3,2.54159980574713
3-Py_Az_PbBr3,2.54187935528587
Cs_i-PA_WCl3,2.54205601426146
TetraMA_HY_PbBr3,2.54208135534463
FM_DiMA_GeI3,2.54324108311952
FM_EA_GeI3,2.54324108311952
TroP_TiZ_HfCl3,2.54336471911367
TriMA_HY_PbBr3,2.5436984362129
HY_GUA_HgI3,2.54379117690452
NH4_GUA_PtCl3,2.54388045879025
TetraMA_i-BuA_NiBr3,2.54448178697776
FA_i-PA_PbBr3,2.5445191184174
DiEA_AA_TeCl3,2.54539880888888
FA_MA_PdCl3,2.54549870071538
HA_IM_ZrBr3,2.54551444724837
HA_AA_ZrBr3,2.54560626545599
DiMA_GUA_HfCl3,2.54593334227332
EA_TriMA_GaBr3,2.54614764569365
DiEA_i-BuA_GaI3,2.54619084067941
DiEA_PhA_ZrBr3,2.54687376232651
DiEA_HY_SnBr3,2.54702175705805
NH4_i-BuA_CoBr3,2.54737775116819
FA_Py_PbBr3,2.54738263219649
GUA_TroP_HgI3,2.54749126657764
EA_i-PA_GaBr3,2.54759289923762
DiEA_TroP_TeCl3,2.54769087424357
DiEA_i-BuA_ZrI3,2.54795822354598
NH4_TroP_TiBr3,2.54860512494351
TetraMA_NH4_ZrBr3,2.54866727431408
HY_PhA_WCl3,2.54946236637695
HY_TroP_PdCl3,2.54971638759138
3-Py_i-BuA_NiBr3,2.54983880366641
NH4_AA_PdCl3,2.55117034324318
3-Py_Cs_PdCl3,2.55185455785535
3-Py_PhA_HgI3,2.55236118934332
NH4_HY_PdCl3,2.55259192959962
FA_TroP_TiI3,2.55261932759328
EA_PhA_MoCl3,2.55266575313253
EA_DiMA_HfCl3,2.55335905898867
PhA_MA_HgI3,2.5538583632783
DiMA_Az_HfCl3,2.55386002833673
DiEA_MA_SnBr3,2.55391804418595
TroP_Py_PdCl3,2.55402731474721
TriMA_NH4_PdCl3,2.55425944902937
DiEA_PhA_PbI3,2.55437412035934
FM_i-BuA_ZrCl3,2.55468515581923
DiMA_IM_PbBr3,2.55474376557464
EA_IM_PbBr3,2.55474376557464
3-Py_IM_PbBr3,2.55524533572293
PhA_i-BuA_CoBr3,2.55542093774645
HA_HY_ZrBr3,2.55600622313819
TetraMA_GUA_HgI3,2.55682594361548
FA_i-BuA_WCl3,2.55740272468546
Cs_IM_ZrBr3,2.55741096810096
NH4_AA_GeI3,2.55827400969651
EA_PhA_NiBr3,2.55869230903682
FM_TroP_TiI3,2.55884109519691
TetraMA_Py_HgI3,2.5590575770908
Cs_IM_WCl3,2.55921869188696
DiMA_i-BuA_TeCl3,2.55952105871663
FA_TroP_PdCl3,2.55985579384753
PhA_TroP_MnI3,2.55992940356897
i-PA_i-BuA_MoCl3,2.56002928244313
DiEA_GUA_ZrBr3,2.56067257197536
DiEA_HA_PtCl3,2.56079021216088
FM_DiEA_FeBr3,2.56079092830141
Cs_DiMA_PdCl3,2.56083082515803
3-Py_Cs_WCl3,2.56119729687432
HA_PhA_PbI3,2.56132051001363
TroP_IM_GeI3,2.56142649847621
3-Py_DiEA_HgBr3,2.56226474088515
TetraMA_IM_ZrCl3,2.56244137054173
DiEA_IM_ZrCl3,2.56307020640732
TriMA_HY_GeI3,2.56324273350192
Cs_PhA_GeI3,2.56335796263982
3-Py_FA_PbBr3,2.5635410586257
DiEA_TiZ_TeCl3,2.56363786321826
FA_GUA_HgI3,2.56378094168168
Cs_PhA_PdCl3,2.56455054537824
GUA_Py_PbBr3,2.56502042198935
PhA_i-BuA_ZrCl3,2.56502745250173
3-Py_Py_MnI3,2.56528679259186
TriMA_i-BuA_InBr3,2.56540235127547
EA_Az_HfCl3,2.56587691353164
GUA_MA_HgI3,2.56591276180382
PhA_AA_TeCl3,2.56594557237295
GUA_i-BuA_WCl3,2.56606344383306
AA_Az_PbBr3,2.56614106467485
TriMA_Az_PdCl3,2.56620943874518
FM_MA_PdCl3,2.56632640614906
i-PA_Az_PdCl3,2.56638707662585
GUA_Az_ZrCl3,2.56645584571453
GUA_TiZ_PbBr3,2.56646055292416
TroP_Az_PdCl3,2.56666712053019
HY_MA_PdCl3,2.5668109462124
HY_DiMA_PdCl3,2.56698608379984
TriMA_TroP_MnI3,2.56748198460283
TriMA_i-BuA_MoCl3,2.56763491746359
PhA_DiMA_TeCl3,2.56775015705817
DiEA_Az_HgI3,2.56782792279863
TroP_AA_PtCl3,2.56826452861771
3-Py_Py_TiI3,2.56841375048968
Py_MA_GeI3,2.56901259448133
i-PA_IM_PbBr3,2.56909971508827
i-PA_PhA_TeCl3,2.56986708731262
PhA_i-BuA_ZrBr3,2.57013190503759
HA_GUA_NiBr3,2.57019737147892
IM_MA_PbBr3,2.57022204110255
3-Py_TroP_MnI3,2.57035837334994
FA_AA_PbBr3,2.57099605314242
DiEA_GUA_HgI3,2.57111600798907
3-Py_GUA_HgI3,2.57114551561973
i-PA_TroP_MnI3,2.57124372637489
DiEA_FA_MoCl3,2.57228749502826
DiEA_AA_MoCl3,2.572627109769
TroP_Az_MnI3,2.57314031776492
PhA_TroP_TiI3,2.57339602246835
i-PA_DiMA_PbBr3,2.57396269340144
EA_MA_GeBr3,2.574206548545
EA_i-BuA_NiBr3,2.57432573826476
PhA_AA_GaBr3,2.57438166076266
DiEA_NH4_ZrBr3,2.57463995915081
HA_DiMA_PdCl3,2.57495322441039
HY_TroP_HgI3,2.57502344849623
Cs_HY_PdCl3,2.57554657283434
FM_HY_HfCl3,2.57621010065302
EA_FA_HgI3,2.5764881107902
i-PA_DiMA_GaBr3,2.57715845303679
Cs_GUA_CoBr3,2.57718206717065
NH4_PhA_PbI3,2.57725763926446
Cs_GUA_GeI3,2.57729720778102
Cs_AA_PdCl3,2.57730679985263
Cs_i-PA_PtCl3,2.57846567128751
Az_MA_PbBr3,2.57863954073342
GUA_MA_GeI3,2.57910718128467
Cs_TroP_PtCl3,2.57940191130132
DiEA_IM_PtCl3,2.57982800237142
FM_PhA_CrI3,2.5803555656589
TriMA_TiZ_PbBr3,2.58065325232362
i-BuA_Py_HgI3,2.58105723905752
FM_PhA_PbI3,2.5816720608607
MA_TiZ_PdCl3,2.58291535860057
Cs_Py_PdCl3,2.58292697335858
i-PA_Az_PbBr3,2.58303145283648
EA_TiZ_PbBr3,2.58311478288442
EA_NH4_PdCl3,2.58316837454104
DiMA_MA_GeBr3,2.58329926197505
FM_Cs_GeI3,2.5833750648037
EA_i-PA_PbBr3,2.58339303064048
FA_AA_HgI3,2.58375871141015
HA_TiZ_PbBr3,2.58393761849345
NH4_Py_PdCl3,2.58395074370152
DiEA_Py_HgI3,2.58395659514982
TetraMA_TroP_PdCl3,2.58416247091389
3-Py_Py_HgI3,2.58462453889057
NH4_MA_GeI3,2.58465406339086
FM_GUA_GaBr3,2.5847702722331
FA_Cs_PdCl3,2.58483384701309
3-Py_i-BuA_HfCl3,2.58486793768111
HA_i-BuA_NiBr3,2.58494009078256
DiMA_GUA_PbBr3,2.58502355662203
EA_GUA_PbBr3,2.58502355662203
3-Py_DiMA_PdCl3,2.58509448319357
DiEA_Cs_GeI3,2.5854986054502
3-Py_MA_GeI3,2.58564805016642
Py_MA_PbBr3,2.58572997543521
DiEA_EA_HgI3,2.58578498700576
FM_HY_GeI3,2.58595947944447
Cs_MA_GeI3,2.58673823610692
TetraMA_i-BuA_ZrI3,2.5869569897795
TetraMA_Cs_PdCl3,2.58713773484075
TetraMA_TroP_GeBr3,2.58729059590994
PhA_DiMA_GaBr3,2.58744546548394
DiMA_i-BuA_NiBr3,2.58814758216902
3-Py_MA_PbBr3,2.58851624235341
TetraMA_PhA_HfCl3,2.58854770412385
PhA_DiMA_SnBr3,2.58862549924735
TriMA_i-PA_PbBr3,2.58866809915636
i-BuA_AA_ZrBr3,2.58884061539361
3-Py_NH4_PdCl3,2.5890709377625
i-PA_AA_PbBr3,2.58919578572446
i-BuA_Az_HgI3,2.58929936452256
FA_TetraMA_HgI3,2.58994695118401
i-PA_i-BuA_InBr3,2.59005992370708
TetraMA_Cs_GeBr3,2.59016629338493
DiMA_TiZ_PbBr3,2.59062721295953
DiEA_i-BuA_HfI3,2.59123883770875
FM_DiEA_ZrCl3,2.59125140288232
PhA_Py_ZrCl3,2.59191456140918
AA_MA_GeI3,2.59234530399358
NH4_TroP_CrI3,2.59250674460929
GUA_IM_WCl3,2.5925564891457
HA_i-BuA_FeBr3,2.59262862060244
TetraMA_HY_HfCl3,2.59277113786587
TriMA_TroP_PbBr3,2.59305110954548
EA_i-BuA_PtCl3,2.59307559581494
3-Py_DiEA_FeBr3,2.59353434857646
TetraMA_AA_GaBr3,2.59358556144168
FM_TroP_MgI3,2.59359464701548
HY_PhA_PbI3,2.59371073295269
Cs_MA_FeBr3,2.59405876993533
TetraMA_Cs_ZrBr3,2.59420859846747
3-Py_EA_PdCl3,2.59422170896228
TroP_Az_PbBr3,2.59443476545344
NH4_GUA_PdCl3,2.59495253032831
DiMA_GUA_HgI3,2.59530547557369
EA_GUA_HgI3,2.59530547557369
TetraMA_DiMA_HfI3,2.5953130208514
Cs_IM_HfCl3,2.59548563706589
TriMA_GUA_HgI3,2.59574072102481
i-BuA_MA_HfI3,2.59590252095124
IM_MA_HgI3,2.59599798629733
GUA_Az_HgI3,2.59614182930157
PhA_i-BuA_HfCl3,2.5964244620015
Cs_Py_PtCl3,2.59653170482634
i-PA_PhA_FeBr3,2.59690016977084
DiEA_HA_SnBr3,2.59706014958718
GUA_TiZ_HgI3,2.59708422779393
NH4_MA_PdCl3,2.59736713812721
DiEA_PhA_SnI3,2.5974651269993
FM_TriMA_GeI3,2.59746607025915
HA_Py_HgI3,2.5975405886203
FA_NH4_GeBr3,2.59806355437723
HA_PhA_GaBr3,2.59815625776409
GUA_IM_HgI3,2.59817985624056
i-BuA_AA_HfBr3,2.5983267805497
Cs_Py_GeBr3,2.59848485591641
TetraMA_MA_HfI3,2.5986216110286
FM_i-PA_GeI3,2.59891132380312
DiMA_i-BuA_SnBr3,2.59953887169846
EA_i-BuA_SnBr3,2.59953887169846
DiEA_Cs_NiBr3,2.59976309011186
Cs_Az_WCl3,2.60001954711466
EA_i-BuA_FeBr3,2.60031958795812
DiEA_TroP_ZrCl3,2.60034701632615
i-BuA_TiZ_PbBr3,2.60040401734128
Cs_PhA_SnBr3,2.60060026832864
HA_HY_GeBr3,2.6010154719126
HY_GUA_HfCl3,2.60137394717551
DiEA_i-BuA_InBr3,2.60260260823355
Az_Py_CdBr3,2.60326440723777
FA_i-BuA_ZrBr3,2.60345579213344
i-BuA_AA_SnBr3,2.60356680160028
HY_Py_HgI3,2.60380577279394
TetraMA_i-BuA_FeBr3,2.60403646957057
EA_TetraMA_HfI3,2.60413632924868
FA_Cs_FeBr3,2.60460658385162
PhA_AA_HgI3,2.60480260012804
IM_AA_HgI3,2.60483175770426
Cs_TroP_WCl3,2.60507576886656
HA_TetraMA_GeI3,2.60528304553274
DiEA_Cs_CoBr3,2.60537879447861
DiEA_HY_HgI3,2.60556721040695
HA_HY_PtCl3,2.60606574883643
Cs_Az_GeI3,2.60738067981819
FA_GUA_PbBr3,2.60743251290048
TetraMA_i-BuA_HfI3,2.60797022830895
FM_i-BuA_NiBr3,2.60802427796726
PhA_MA_SnBr3,2.60804215333309
TetraMA_Az_HgI3,2.60903063705103
Cs_NH4_NiBr3,2.60905071774948
TriMA_AA_HgI3,2.60963992479087
FA_i-BuA_CoBr3,2.60971360606443
DiMA_Py_GeI3,2.60972357957564
EA_Py_GeI3,2.60972357957564
Cs_i-BuA_CoBr3,2.6109380526375
NH4_i-PA_GeI3,2.61109014123376
FM_DiEA_CoBr3,2.61145495714196
NH4_i-BuA_NiBr3,2.61146189238785
GUA_Py_HgI3,2.61169038830174
HY_GUA_ZrBr3,2.6118438704248
3-Py_FM_PdCl3,2.6122290537262
DiEA_TiZ_PbBr3,2.61225168738146
DiEA_TiZ_TiBr3,2.61229517608911
GUA_AA_HgI3,2.61232082261311
DiEA_TetraMA_MoCl3,2.61251735532181
PhA_Az_PtCl3,2.61256732428727
HY_Az_GeI3,2.61264883671361
GUA_TiZ_WCl3,2.61270191834031
HA_MA_PdCl3,2.613164698234
i-PA_HY_GeI3,2.61346353989266
TriMA_HY_ZrBr3,2.61394491011334
i-PA_TroP_PbBr3,2.61406744927346
EA_NH4_GeBr3,2.61438834371286
DiEA_i-BuA_NiBr3,2.61517651192207
TriMA_NH4_GeBr3,2.61578992095642
HA_PhA_HgI3,2.6158625989725
DiEA_Py_GaBr3,2.61596635137875
TroP_MA_CdBr3,2.61627464683415
HY_MA_GeBr3,2.61629907854906
TriMA_i-BuA_GaI3,2.616385967927
FA_DiMA_GeI3,2.61674575576974
DiEA_TiZ_SnBr3,2.61705513299792
3-Py_Cs_GeBr3,2.61706109413673
HA_TriMA_PbBr3,2.61740995733241
HA_GUA_ZrBr3,2.61753248463886
DiMA_i-BuA_WCl3,2.61778031834083
EA_i-BuA_WCl3,2.61778031834083
Az_TiZ_HgI3,2.61856666778008
HA_i-PA_PbBr3,2.61885521087639
EA_i-BuA_CoBr3,2.61922424480311
i-PA_GUA_HgI3,2.61929889571498
DiEA_NH4_GaBr3,2.61972995760328
PhA_TiZ_HgI3,2.62027514498171
FA_TriMA_HgI3,2.6204321828791
TetraMA_TiZ_HgI3,2.62060812220248
3-Py_i-BuA_CoBr3,2.62095876442918
TroP_MA_PbBr3,2.62156558736277
TetraMA_i-BuA_CoBr3,2.62162163440651
FA_i-PA_HgI3,2.62187743642308
FM_PhA_VI3,2.62227739574076
HY_TroP_MnI3,2.62258570489489
HY_TroP_TiI3,2.62258570489489
FM_Cs_CoBr3,2.62262054601186
TetraMA_Cs_PtCl3,2.62286735680334
NH4_PhA_PdCl3,2.62299577371021
TriMA_i-PA_HfI3,2.62324024421643
FM_i-BuA_WCl3,2.62358749316778
HY_TiZ_HgI3,2.62360080109568
i-BuA_AA_HgI3,2.62367938608428
HA_TiZ_HgI3,2.62384499250773
DiMA_AA_HgI3,2.62425231499687
EA_AA_HgI3,2.62425231499687
Cs_i-BuA_GeI3,2.62442917845446
DiEA_FA_SnBr3,2.62453206505302
DiEA_MA_PdCl3,2.62469362049013
FA_PhA_TiI3,2.62508230102767
NH4_TroP_MnI3,2.62539363822871
TriMA_PhA_SnBr3,2.62551021121955
Cs_TroP_MnBr3,2.62553771475437
HY_TroP_CdBr3,2.6257808520633
DiEA_i-BuA_FeBr3,2.62604613583846
TriMA_TroP_TiI3,2.62624066411058
i-BuA_AA_MoCl3,2.62636379842851
DiEA_TroP_MnI3,2.62655324211631
NH4_HY_PbBr3,2.62670753858029
Py_MA_PdCl3,2.62689956326189
i-PA_AA_HgI3,2.62741603321579
HA_Cs_FeBr3,2.62862661740988
Cs_DiMA_PtCl3,2.62876322929437
DiEA_DiMA_TeCl3,2.62878862179843
i-BuA_MA_HgI3,2.62882358595305
FM_DiEA_NiBr3,2.62910401682514
DiEA_NH4_HgI3,2.62913665388239
TriMA_TetraMA_HgI3,2.62956179047704
IM_Py_PbBr3,2.6297596903018
TetraMA_Py_PbBr3,2.62988967362296
i-PA_TroP_TiI3,2.63000240588265
HY_PhA_CoBr3,2.63003040143121
NH4_GUA_GeI3,2.63043253719553
HY_AA_GeI3,2.63050271098966
FA_NH4_HgI3,2.63069242229686
FM_MA_GeI3,2.63082454846545
TetraMA_Az_MoCl3,2.63085738127912
TriMA_Py_PbBr3,2.6312402143322
DiMA_Py_PdCl3,2.63143542071787
EA_Py_PdCl3,2.63143542071787
TriMA_MA_ZrBr3,2.63145157533254
TetraMA_IM_HgI3,2.63175204502786
i-PA_HY_ZrBr3,2.63184491717267
PhA_Py_SnBr3,2.63232238075522
DiMA_GUA_ZrBr3,2.63363434650724
EA_GUA_ZrBr3,2.63363434650724
PhA_GUA_HgI3,2.63389123855586
AA_Az_HgI3,2.63391603227865
HA_NH4_PdCl3,2.63421078844783
HA_TriMA_GeI3,2.63431526025877
i-PA_MA_ZrBr3,2.63575894028793
HA_i-PA_GeI3,2.63576051380274
DiEA_TriMA_HgI3,2.63584465632704
TriMA_Cs_GeBr3,2.63637192153282
EA_HY_PdCl3,2.63666863836833
TetraMA_HY_GeI3,2.6369696099739
TriMA_Cs_PdCl3,2.63756770425574
DiEA_i-BuA_CoBr3,2.63765720554507
TriMA_MA_HgI3,2.63791249523355
PhA_Az_SnBr3,2.63804834503961
TetraMA_i-PA_HgI3,2.63825759419276
Cs_AA_PtCl3,2.63871151440461
DiEA_TetraMA_HgI3,2.63889198526198
FA_DiMA_PbBr3,2.63921211205393
i-PA_HY_PbBr3,2.63987733425188
NH4_AA_ZrCl3,2.64001675959528
FM_TroP_GeI3,2.64055258644443
HY_i-BuA_NiBr3,2.64087593676982
DiEA_Py_SnBr3,2.64133191702732
HA_Az_ZrCl3,2.64141198540088
DiEA_TroP_TiI3,2.64220758215385
Cs_AA_GeBr3,2.64266850361184
DiEA_TiZ_VI3,2.64274697381047
TetraMA_DiMA_MoCl3,2.64339399817824
EA_TetraMA_MoCl3,2.64355933533615
TriMA_PhA_FeBr3,2.64367469484369
NH4_TroP_VI3,2.64495077684057
HA_Cs_NiBr3,2.64529406777586
i-PA_PhA_SnBr3,2.64536885595825
EA_HA_PdCl3,2.64560461482496
HY_TroP_TiBr3,2.64570059616716
DiEA_i-PA_HgI3,2.64589354836152
Cs_TiZ_GeBr3,2.64596461991366
TriMA_IM_HgI3,2.64636337271822
EA_PhA_PtCl3,2.64714766263465
TroP_AA_PbBr3,2.64721031626325
Py_MA_HgI3,2.64722448423391
3-Py_NH4_GeBr3,2.64755084040074
DiEA_AA_HgI3,2.64849921845199
Az_MA_HgI3,2.64912554332176
TetraMA_AA_HgI3,2.64934568764168
IM_i-BuA_HfCl3,2.64972485200254
TetraMA_NH4_PdCl3,2.64976041850072
Cs_DiMA_GeBr3,2.64997344067861
HY_TiZ_WCl3,2.65017719434028
Az_MA_PdCl3,2.65028050174688
EA_TiZ_PdCl3,2.65074641075569
TriMA_TiZ_HgI3,2.65079884949557
TriMA_DiMA_HgI3,2.6511580079462
FA_Py_HgI3,2.65132704364933
EA_DiMA_HgI3,2.65135689116736
PhA_i-BuA_NiBr3,2.65195878094766
DiEA_HA_ZrCl3,2.65251802275888
DiEA_NH4_GeI3,2.65263757155727
Cs_IM_GeBr3,2.65267526010513
HA_TroP_CdBr3,2.6532984087889
i-PA_PhA_HfCl3,2.6534941776899
i-BuA_MA_PdCl3,2.65400417790093
FM_PhA_HgI3,2.6541267426504
Cs_NH4_CoBr3,2.65457822218858
Py_TiZ_HgI3,2.65485963079595
DiMA_IM_HgI3,2.65503706765065
EA_IM_HgI3,2.65503706765065
3-Py_DiMA_GeI3,2.65533253455196
Az_Py_PbBr3,2.65545263300888
DiMA_TiZ_PdCl3,2.65550765721212
DiEA_NH4_MoCl3,2.65551243172008
3-Py_EA_GeI3,2.65599569330821
DiEA_TetraMA_PtCl3,2.65670648277878
TriMA_i-PA_MoCl3,2.65735191509155
HY_GUA_GaBr3,2.65758766413226
NH4_IM_PdCl3,2.65771791196707
DiMA_MA_PbBr3,2.65771807207409
FA_GUA_GaBr3,2.65787963649848
HA_IM_PbBr3,2.65805160226547
TriMA_i-PA_GaBr3,2.65834770540392
3-Py_AA_HgI3,2.65836693424415
TetraMA_PhA_HgBr3,2.65852725814617
AA_TiZ_HgI3,2.65953105963112
Az_Py_HgI3,2.6597189066005
FA_DiMA_ZrCl3,2.66014430276493
EA_PhA_SnBr3,2.6602415285739
PhA_TiZ_PtCl3,2.66027490886552
HY_Py_PbBr3,2.66075134495131
IM_TiZ_HgI3,2.6611024097175
i-BuA_AA_HfCl3,2.66110264556197
EA_MA_PbBr3,2.66137280142981
NH4_i-BuA_GaBr3,2.66139315447249
DiMA_Az_GeI3,2.66157058741639
AA_MA_PbBr3,2.66167254672464
TriMA_Az_HgI3,2.66223951946462
EA_Py_PbBr3,2.66245442011927
HA_TroP_PdCl3,2.66294586142575
FA_TiZ_HgI3,2.66295154576818
i-PA_Py_PbBr3,2.66332933317381
HA_TroP_PbBr3,2.66356758579771
TriMA_TroP_CdI3,2.66437227226925
NH4_TiZ_GeI3,2.66452610439161
NH4_i-PA_ZrCl3,2.66466180185816
PhA_MA_TiI3,2.66470551917419
TriMA_Cs_HgI3,2.66475319587061
HA_MA_GeBr3,2.66533542190493
3-Py_TriMA_HgI3,2.66546139652154
FM_Cs_PdCl3,2.66566128097866
Cs_TroP_MnI3,2.66656780246592
DiEA_GUA_MoCl3,2.66660397310592
DiEA_TetraMA_ZrI3,2.66673925635597
3-Py_i-PA_HgI3,2.66690665006551
TriMA_Py_HgI3,2.66732585456615
EA_TriMA_HgI3,2.66754110360245
i-BuA_Az_SnBr3,2.66755666433569
DiEA_TiZ_GaBr3,2.66787076873647
MA_TiZ_HgI3,2.66787836232495
i-PA_IM_HgI3,2.66802010540856
HY_i-BuA_CoBr3,2.66810883265706
Cs_i-PA_GeBr3,2.6684179366083
i-PA_DiMA_HgI3,2.66893411637112
EA_i-PA_HgI3,2.66898635714642
TetraMA_DiMA_HgI3,2.66944802999267
HY_TroP_PbBr3,2.66945266821931
EA_TetraMA_HgI3,2.66961336715059
EA_FA_PbBr3,2.66979034942155
Cs_GUA_MoCl3,2.66980291534196
EA_PhA_CoBr3,2.66982476266056
i-BuA_Az_GaBr3,2.66989487996765
DiEA_IM_PbBr3,2.66994817379123
DiMA_Py_HgI3,2.67049299181083
EA_Py_HgI3,2.67049299181083
AA_MA_PdCl3,2.67057966771155
HA_Py_PbBr3,2.67080531035024
3-Py_DiMA_HgI3,2.67149615883144
3-Py_EA_HgI3,2.67149615883144
i-PA_TiZ_HgI3,2.6724555821859
FA_HY_PdCl3,2.67257577385976
FA_Cs_GeI3,2.67296139101578
FM_HA_HfCl3,2.67306043570847
Cs_PhA_PtCl3,2.67357826460057
TriMA_TroP_PdCl3,2.67373146066715
PhA_Az_GaBr3,2.67385108777498
3-Py_DiEA_NiBr3,2.67407753091156
AA_MA_WCl3,2.67429039185722
3-Py_i-PA_ZrCl3,2.67487907403401
HA_TroP_MoCl3,2.67507906926168
HY_Az_PdCl3,2.67527854427733
3-Py_NH4_GeI3,2.67546976890492
DiMA_IM_PdCl3,2.67559335449565
EA_IM_PdCl3,2.67559335449565
3-Py_HY_PbBr3,2.67604541043351
TriMA_Cs_WCl3,2.67651504927366
DiMA_TiZ_HgI3,2.6767608758424
EA_TiZ_HgI3,2.6767608758424
3-Py_FA_PdCl3,2.6769967685332
TetraMA_MA_GeI3,2.67717255657039
NH4_PhA_GaBr3,2.67727525680159
TriMA_i-PA_HgI3,2.6781438337084
Cs_MA_PbBr3,2.67826826279844
FM_DiEA_WCl3,2.67853147144491
i-PA_DiMA_HfI3,2.67858862092354
GUA_TroP_TiI3,2.67860252337454
GUA_Az_WCl3,2.67863263819291
DiMA_i-BuA_CoBr3,2.67904154238456
i-PA_i-BuA_GaI3,2.67919140373227
3-Py_IM_HgI3,2.67926420470368
HY_Py_PdCl3,2.67935022103594
FA_TiZ_PdCl3,2.67958147107671
i-PA_TroP_CdI3,2.67967099506687
TetraMA_Az_GeI3,2.67972295896569
AA_MA_ZrCl3,2.6797408345359
i-PA_Az_HgI3,2.68001562788954
PhA_IM_PtCl3,2.68025821957552
NH4_i-BuA_WCl3,2.68074366426068
EA_Cs_GeBr3,2.68081735579273
3-Py_HA_PbBr3,2.6809151210241
TroP_i-BuA_MgI3,2.68114582976908
i-PA_TroP_PdCl3,2.68173238934399
i-BuA_MA_PbBr3,2.68175186664596
DiEA_MA_MoCl3,2.68212312387489
FM_TroP_CrI3,2.68221217312508
NH4_PhA_HgI3,2.68237464886154
DiEA_EA_TeCl3,2.68288005883197
TriMA_DiMA_HfI3,2.68298267199685
3-Py_TiZ_HgI3,2.68302655184074
FM_PhA_SnBr3,2.68316964164348
TriMA_PhA_HgBr3,2.68343460870108
i-BuA_TiZ_TiI3,2.6839479778071
EA_DiMA_ZrBr3,2.68492439987398
Cs_TroP_MgI3,2.68575263122506
FA_TriMA_GeI3,2.68601414921121
FA_PhA_HgI3,2.68680910289981
TriMA_PhA_HfCl3,2.68696227165129
IM_MA_PdCl3,2.68705650060346
TroP_MA_CrI3,2.68708220519973
FA_NH4_PbBr3,2.68725105577413
DiEA_i-BuA_MoCl3,2.68732579062193
FM_NH4_PbBr3,2.68762396743294
TroP_Az_GeBr3,2.68769592018542
Az_Py_TiI3,2.68775834049958
FA_HY_GeBr3,2.68797426347408
3-Py_TriMA_ZrCl3,2.68807939965092
HA_GUA_GaBr3,2.68816288780131
DiEA_HY_PdCl3,2.68835837282318
IM_Py_HgI3,2.68856946044023
EA_Cs_PdCl3,2.68876615389604
i-PA_Py_HgI3,2.68898258725649
PhA_MA_MnI3,2.68902019602306
PhA_AA_SnBr3,2.69002425279678
FM_i-BuA_GaBr3,2.69005112488087
FM_HY_GeBr3,2.69046736785079
HY_Az_WCl3,2.69068470110408
i-PA_PhA_HgBr3,2.6906871558378
NH4_IM_GeI3,2.69081918679689
DiEA_IM_SnBr3,2.69113352764491
PhA_TiZ_ZrCl3,2.69150120535891
FM_AA_WCl3,2.69221902206056
DiEA_TetraMA_HfI3,2.69233290860796
FA_NH4_PdCl3,2.69270578910218
FA_MA_WCl3,2.69287378893162
TroP_Az_CdI3,2.69305454572061
FM_TroP_PbBr3,2.69309023539771
NH4_Az_GeI3,2.69309217198714
HA_HY_PdCl3,2.69321473191098
Cs_i-BuA_NiBr3,2.69326958917628
FA_GUA_WCl3,2.69330338826833
FM_NH4_GeI3,2.69407229119851
i-PA_PhA_CoBr3,2.69483135250992
NH4_Py_GeI3,2.69508774305916
HA_i-BuA_CoBr3,2.69564353481827
AA_Py_HgI3,2.69567789086947
FA_i-PA_GeI3,2.6965866285239
TetraMA_Cs_WCl3,2.69671431929783
HY_GUA_PdCl3,2.69702807520246
DiEA_PhA_CoBr3,2.6971590830828
3-Py_MA_PdCl3,2.69716424768104
TetraMA_DiMA_GaBr3,2.69721811839833
NH4_TiZ_PdCl3,2.697899650029
TriMA_PhA_NiBr3,2.69823623509467
FM_TiZ_PdCl3,2.69835157433752
3-Py_TroP_CdBr3,2.69846869412117
3-Py_TroP_MgBr3,2.69855596816072
AA_Az_PdCl3,2.69858411688495
FM_NH4_PdCl3,2.69888941312601
TriMA_PhA_CoBr3,2.69901981767502
FM_i-BuA_PtCl3,2.69902973456513
FA_MA_PbBr3,2.69954734956198
i-PA_i-BuA_CoBr3,2.70022714772867
3-Py_PhA_GaBr3,2.70050918199965
HY_TroP_GeI3,2.70080692964475
FM_DiEA_GaBr3,2.70098352966809
TroP_MA_TiBr3,2.7011029708313
i-PA_PhA_NiBr3,2.70170412668971
EA_TriMA_HfI3,2.70175769223058
HY_IM_PbBr3,2.7021393435437
DiEA_AA_PbBr3,2.70230996684203
EA_i-PA_HfI3,2.70320294577456
TriMA_i-BuA_CoBr3,2.70441561289377
TriMA_MA_PdCl3,2.70502227811512
DiEA_PhA_FeBr3,2.70509758394271
HY_MA_PbBr3,2.70523843322898
GUA_i-BuA_CoBr3,2.70610109667201
TetraMA_PhA_PtCl3,2.70639944243782
TriMA_TetraMA_SnBr3,2.70651386706381
HY_TiZ_PdCl3,2.70661596393561
FM_Py_PdCl3,2.70662219637453
Cs_PhA_HgI3,2.70711376332316
3-Py_HY_GeI3,2.70717801526512
3-Py_Cs_PbBr3,2.70732543872675
EA_HY_PbBr3,2.70743934360453
i-BuA_MA_GaBr3,2.70800381647123
EA_HA_PbBr3,2.70810601659149
Cs_NH4_MoCl3,2.7089455125547
FA_Cs_HfI3,2.70932048909308
FM_DiEA_PtCl3,2.70946991617046
Cs_Py_WCl3,2.71000232466253
3-Py_HY_PdCl3,2.71020418280707
GUA_MA_WCl3,2.71045618916334
FA_DiMA_WCl3,2.71125203080915
DiMA_Az_PdCl3,2.71132109099232
GUA_TroP_PbBr3,2.71221282664894
FM_PhA_TiI3,2.71293080358884
3-Py_TetraMA_ZrCl3,2.71339489155127
HA_TetraMA_ZrBr3,2.71358468050782
TriMA_i-BuA_PtCl3,2.71409375662866
TriMA_NH4_PbBr3,2.71447274744943
Cs_i-PA_HfCl3,2.71516524685122
NH4_Az_GeBr3,2.71543201786394
PhA_TiZ_PdCl3,2.71552725336098
PhA_TroP_VI3,2.71565163871729
DiEA_AA_SnBr3,2.71568948949628
FA_Py_PdCl3,2.71573301407291
i-BuA_Az_PbBr3,2.71662871352242
HY_TroP_CrI3,2.71666902676481
Cs_i-BuA_HgI3,2.71685419212993
EA_Az_PdCl3,2.71731184441516
NH4_PhA_TiI3,2.71745553467035
EA_Az_GeI3,2.71751562101725
TetraMA_i-PA_SnBr3,2.71766230337313
3-Py_i-PA_CdBr3,2.7180529995196
HY_DiMA_WCl3,2.71806475435743
DiEA_PhA_NiBr3,2.71814813464135
GUA_Az_PdCl3,2.71879251561589
TriMA_Cs_PtCl3,2.71932196807222
HA_i-BuA_GaBr3,2.71949344592639
TetraMA_TiZ_TiI3,2.7199350648911
FM_TroP_MnBr3,2.72014531953305
HY_IM_PdCl3,2.72038904603822
Cs_GUA_GeBr3,2.72069006056464
i-BuA_TiZ_HgI3,2.72090737376078
NH4_DiMA_GeBr3,2.7212407604554
FM_NH4_WCl3,2.72168927850207
HY_TiZ_GeI3,2.72216724575782
PhA_Az_ZrCl3,2.72219131043948
EA_NH4_PbBr3,2.72226915756126
i-PA_HY_WCl3,2.72306580364509
HA_TroP_MnI3,2.72351864645597
i-BuA_TiZ_PtCl3,2.7236196683808
HA_i-PA_ZrBr3,2.72372081391369
FM_IM_PdCl3,2.72376372961451
FM_TroP_VI3,2.72405336555771
NH4_AA_WCl3,2.72450665638104
DiEA_AA_GaBr3,2.7246503556511
FM_FA_HfCl3,2.72508391815362
FM_HY_PdCl3,2.72509802007947
FM_Cs_PbBr3,2.72513466302165
HA_i-BuA_WCl3,2.72561895470494
i-PA_i-BuA_PtCl3,2.72626027129194
HY_AA_WCl3,2.72636289635511
i-PA_GUA_WCl3,2.72637898397533
TriMA_GUA_WCl3,2.72714434202379
HA_TroP_TiI3,2.72726972585563
FM_HY_WCl3,2.72729859609724
TroP_MA_VI3,2.72876201367461
FA_HA_PdCl3,2.72877246348423
HY_TroP_VI3,2.72901377121174
HA_IM_WCl3,2.72921509925255
FA_Az_PdCl3,2.72930046102837
TriMA_HY_WCl3,2.72948456036048
HA_PhA_MnI3,2.72948478051068
i-BuA_Py_PtCl3,2.7295797923836
Cs_i-BuA_PtCl3,2.73011494944209
3-Py_NH4_PbBr3,2.73013765695228
DiEA_PhA_HgBr3,2.73031683858797
HA_TiZ_WCl3,2.73046945408024
EA_PhA_HfCl3,2.73111384991034
DiEA_HA_GaBr3,2.73125775034818
HA_Py_PdCl3,2.73128392204114
TetraMA_HY_ZrBr3,2.73139662413187
Cs_IM_MoCl3,2.73237576341942
TriMA_TetraMA_PbBr3,2.7338814152987
TriMA_Cs_HfCl3,2.73424330133319
HY_IM_WCl3,2.73443781731761
PhA_Py_TiI3,2.73505173912514
PhA_DiMA_MnI3,2.7351572875297
GUA_MA_PdCl3,2.73525660572752
3-Py_TriMA_CdBr3,2.73553134642747
EA_FA_ZrCl3,2.73566970078222
EA_HY_WCl3,2.73615015736943
DiEA_HY_MoCl3,2.73700577665784
PhA_AA_ZrCl3,2.73713295900419
Cs_Az_PtCl3,2.73780734979492
i-BuA_TiZ_VI3,2.7380565942837
PhA_MA_VI3,2.73807842476192
HA_TriMA_ZrBr3,2.73873213079991
TroP_Py_MgI3,2.73883622972314
DiEA_IM_HgI3,2.73968511363633
TriMA_Az_GeI3,2.73976449394491
FM_DiMA_WCl3,2.74082712872103
FM_EA_WCl3,2.74082712872103
DiEA_FA_PbBr3,2.74103290186816
FA_IM_PdCl3,2.74153026516382
HY_AA_PdCl3,2.74165971524176
NH4_i-BuA_HfCl3,2.74344836464466
HA_Az_PdCl3,2.74349430199618
i-PA_Az_ZrCl3,2.74362743270934
HA_AA_PdCl3,2.74364725367204
TriMA_DiMA_GeI3,2.74382557042496
TetraMA_PhA_SnBr3,2.74397815958427
FM_HA_GeI3,2.74398029059309
DiEA_Az_PbBr3,2.74516150531295
EA_TetraMA_GeI3,2.74521924372802
TetraMA_DiMA_GeI3,2.74550832207658
Cs_HY_CoBr3,2.74587330288939
EA_i-PA_GeI3,2.74602538085127
DiMA_AA_GeI3,2.74631797790126
EA_AA_GeI3,2.74631797790126
FM_HA_PdCl3,2.74657701333059
PhA_AA_PtCl3,2.74713750732286
FM_Cs_MoCl3,2.7476400928072
Cs_i-PA_MoCl3,2.74780139849476
FA_Cs_ZrI3,2.7480161260994
PhA_TroP_CrI3,2.74810011247975
HA_TiZ_PdCl3,2.74832099393475
FM_FA_PdCl3,2.74870684563786
NH4_i-PA_GeBr3,2.74877201849065
i-BuA_Az_GeI3,2.74881985349833
i-PA_MA_PdCl3,2.74905589198558
HA_IM_PdCl3,2.74950669988043
PhA_Py_TiCl3,2.74959768558787
i-PA_HY_PdCl3,2.75013574785102
FA_AA_WCl3,2.75028852148449
FA_Az_GeI3,2.75035348439275
FA_i-BuA_SnBr3,2.75054191209989
Cs_MA_CoBr3,2.7508566389648
NH4_PhA_CrI3,2.75095054710261
EA_FA_WCl3,2.75130648783365
FA_TiZ_MoCl3,2.75165161500373
EA_TriMA_GeI3,2.75168976021271
DiEA_Az_GeI3,2.75261327168263
NH4_i-BuA_PtCl3,2.75263272525592
3-Py_FM_PbBr3,2.75280028013626
TetraMA_i-BuA_TeCl3,2.75380310775316
DiEA_TiZ_HgI3,2.75440789319172
Cs_TroP_TiI3,2.75559363328472
NH4_HY_WCl3,2.75624860549381
TriMA_Az_ZrCl3,2.75675955025574
HA_Az_WCl3,2.75707272459638
EA_Cs_PtCl3,2.75741912366822
TriMA_HY_PdCl3,2.75761446673048
GUA_AA_WCl3,2.75779434921475
GUA_TiZ_MoCl3,2.75781671639505
PhA_IM_SnBr3,2.75813344178735
FA_HA_HfCl3,2.75818286241672
Cs_PhA_CdBr3,2.75862735312112
GUA_i-BuA_GaBr3,2.75885379971555
PhA_TiZ_GeI3,2.75915327289483
FM_i-PA_PdCl3,2.75965927169646
i-PA_AA_ZrCl3,2.75977166679122
DiEA_PhA_TeCl3,2.75994178271281
FM_DiMA_PdCl3,2.76059892638037
FM_EA_PdCl3,2.76059892638037
TetraMA_PhA_HgI3,2.76081660115239
FM_Az_PdCl3,2.76294301086526
FM_TetraMA_PbBr3,2.76295593479222
DiEA_MA_PbBr3,2.76338848077612
3-Py_DiEA_MoCl3,2.76407939327205
GUA_i-BuA_ZrBr3,2.76416978422079
PhA_IM_ZrCl3,2.76542337283342
TriMA_i-PA_GeI3,2.76549527813829
FM_TriMA_PdCl3,2.76572644822759
NH4_IM_GeBr3,2.76600031959911
FA_i-BuA_GaBr3,2.76606008435778
TetraMA_i-PA_PbBr3,2.76628369914634
HY_DiMA_HgI3,2.76631411061548
FA_DiMA_PdCl3,2.76644668774505
FA_HA_GeBr3,2.76666898578479
TetraMA_TiZ_VI3,2.76688953004762
DiEA_GUA_SnBr3,2.76701631268349
3-Py_TetraMA_TiI3,2.76749235071699
FM_IM_PbBr3,2.7681052256279
DiEA_IM_TiI3,2.76886981530314
3-Py_DiEA_CoBr3,2.76903762445101
HA_AA_PbBr3,2.76904547376351
HY_i-BuA_WCl3,2.76912861933723
TetraMA_Cs_PbBr3,2.76941373664372
HY_TiZ_ZrCl3,2.76955968566316
HY_IM_ZrCl3,2.76963138828586
DiEA_Py_TiI3,2.77013872663456
NH4_IM_HgI3,2.77014238478868
DiEA_Cs_HfBr3,2.77047052568164
DiEA_GUA_PbBr3,2.77050898036869
FM_MA_GeBr3,2.77115235976071
3-Py_Cs_MoCl3,2.7720924467964
TriMA_AA_ZrCl3,2.77290378433762
PhA_TroP_MnBr3,2.77333312329443
NH4_MA_WCl3,2.77388819583618
NH4_MA_HfCl3,2.77528510462949
EA_TetraMA_GaBr3,2.77559746096465
PhA_MA_CdBr3,2.77565977000557
FM_i-PA_PbBr3,2.77568832749915
3-Py_PhA_SnBr3,2.77599582138904
FM_Py_PbBr3,2.77601653163009
FA_i-BuA_PtCl3,2.77655632266427
NH4_Py_GeBr3,2.77657417803855
FM_MA_WCl3,2.77702038807554
3-Py_i-BuA_MoCl3,2.77731958165417
FA_TetraMA_ZrCl3,2.7777086029673
TetraMA_PhA_CoBr3,2.77811795675542
NH4_DiMA_WCl3,2.77826200802871
TetraMA_HY_PdCl3,2.77872581074546
NH4_i-BuA_ZrBr3,2.77879517164715
3-Py_HA_GeI3,2.7788970875442
HA_TiZ_GeI3,2.77937784810887
DiMA_GUA_WCl3,2.77948774898372
EA_GUA_WCl3,2.77948774898372
Cs_PhA_GeBr3,2.78108018190455
HY_AA_ZrCl3,2.78117125858624
DiEA_HY_PbBr3,2.78167038343519
DiMA_TiZ_MoCl3,2.78237706832559
EA_TiZ_MoCl3,2.78237706832559
FM_TiZ_PbBr3,2.78261987477223
NH4_TroP_MnBr3,2.78294246985758
Cs_GUA_PbBr3,2.78350834825549
Az_Py_MnI3,2.7836463425589
HA_MA_PbBr3,2.78408022422146
TroP_TiZ_CdBr3,2.78439544756391
3-Py_i-BuA_SnBr3,2.78459494669179
DiEA_GUA_GaBr3,2.78484711974965
TetraMA_GUA_ZrCl3,2.78548181048321
EA_FA_PdCl3,2.78561431147268
NH4_GUA_GeBr3,2.78589257051999
HA_TiZ_ZrCl3,2.78599263942087
Cs_Az_MoCl3,2.78621631694324
HA_PhA_SnBr3,2.78632858371281
DiEA_EA_PbBr3,2.78641756484327
FM_HA_GeBr3,2.78706801767646
HA_TetraMA_PdCl3,2.78747371890308
FA_TriMA_ZrCl3,2.7875528092474
HY_Az_GeBr3,2.78761108324904
HA_AA_ZrCl3,2.78763184892079
Cs_Az_PbBr3,2.78763800270918
HY_GUA_WCl3,2.78817705937695
FM_Az_GeI3,2.78861581571374
TriMA_HY_GeBr3,2.78888050425743
FA_i-PA_ZrCl3,2.78899806279137
TetraMA_NH4_ZrCl3,2.78904783071685
Cs_TiZ_TiI3,2.78975343549515
Py_MA_CdBr3,2.79007383716234
TroP_Py_MnI3,2.79010854129944
DiMA_i-BuA_MoCl3,2.79053150882396
EA_i-BuA_MoCl3,2.79053150882396
3-Py_HA_PdCl3,2.79062421678366
PhA_MA_CrI3,2.7906318573127
GUA_TroP_PtCl3,2.79085268488604
Cs_GUA_PtCl3,2.79106221836454
PhA_TiZ_TiI3,2.79118752966389
FM_AA_GeI3,2.7921662925129
FM_TriMA_PbBr3,2.79273755804964
FM_DiMA_GeBr3,2.79283369639802
FM_EA_GeBr3,2.79283369639802
TriMA_NH4_ZrCl3,2.79291328561174
HA_TriMA_PdCl3,2.79316511887731
HA_DiMA_WCl3,2.79362867316056
TetraMA_PhA_FeBr3,2.79389612417172
FA_Cs_PbBr3,2.79439952478888
HA_i-PA_PdCl3,2.79461037242128
FA_Cs_PtCl3,2.79498361233838
TetraMA_MA_PdCl3,2.79509640833785
NH4_PhA_MnI3,2.79529306317065
FA_NH4_HfCl3,2.79535139043206
Cs_NH4_WCl3,2.7962399525216
DiEA_DiMA_GaBr3,2.79663711633294
3-Py_TroP_CdI3,2.79696821944394
Az_MA_GeBr3,2.79734572088831
Cs_i-BuA_PdCl3,2.79736184676424
DiEA_DiMA_PbBr3,2.79744001627797
PhA_i-BuA_TeCl3,2.79816244960632
FA_PhA_SnBr3,2.79895245871356
HA_IM_ZrCl3,2.79910801704974
FM_AA_PdCl3,2.79920465254603
HA_TriMA_WCl3,2.80035675545515
FA_TroP_GeI3,2.80066405788918
HA_i-PA_WCl3,2.80180200899912
HA_AA_WCl3,2.80192681515824
FM_GUA_WCl3,2.80283056553565
HY_i-BuA_HfCl3,2.80287126064961
Cs_HY_MoCl3,2.80309684978265
PhA_DiMA_PbBr3,2.80344304149156
Cs_AA_MoCl3,2.80373705264132
TetraMA_TroP_MgBr3,2.80393869119593
FA_Py_CdBr3,2.80441593631245
i-PA_Az_GeI3,2.80472155153327
GUA_i-BuA_SnBr3,2.80483622404229
PhA_Az_TiI3,2.80493335097159
HA_PhA_TiI3,2.80515267765282
HY_Az_PbBr3,2.80553127750658
DiEA_EA_GeI3,2.80560958674277
GUA_AA_PdCl3,2.80579707699389
3-Py_MA_GeBr3,2.80581933550784
PhA_Py_GeI3,2.80611288359385
3-Py_NH4_MoCl3,2.80658812576283
TroP_TiZ_CoCl3,2.80679646445592
i-PA_DiMA_PdCl3,2.80713614016584
FA_HY_WCl3,2.80731499088293
FM_TroP_GeBr3,2.80754781587394
TriMA_PhA_GaBr3,2.8076326410897
DiEA_TetraMA_TeCl3,2.80880489596552
PhA_AA_MnI3,2.80897846099753
FM_GUA_PdCl3,2.80917275818778
DiEA_Az_SnBr3,2.80965977702185
TroP_i-BuA_PtCl3,2.81029153832076
i-PA_DiMA_GeI3,2.81050150935804
TroP_Py_TiI3,2.81060462115383
DiMA_AA_ZrCl3,2.81116847450146
HY_DiMA_PbBr3,2.81132426287585
TetraMA_TroP_TiI3,2.81223198124553
FM_HA_WCl3,2.81237856760177
TroP_i-BuA_ZrCl3,2.81239026523427
EA_HA_WCl3,2.81342123077422
HY_i-BuA_SnBr3,2.81368914321012
NH4_GUA_WCl3,2.81370121737988
TroP_IM_CdBr3,2.81376342263394
PhA_Az_MnI3,2.81453652712624
TriMA_DiMA_PdCl3,2.8146148590453
AA_MA_GeBr3,2.81466855417865
Cs_Py_CdBr3,2.81510053621251
DiEA_Az_ZrI3,2.81511517553414
PhA_Py_MnI3,2.81519970156998
DiEA_DiMA_GeI3,2.81539261879381
AA_TiZ_MoCl3,2.81569986020572
FA_AA_PdCl3,2.81598402746186
FA_AA_GeI3,2.81601688751903
FM_FA_WCl3,2.81633631753063
TetraMA_TiZ_PtCl3,2.81712978478773
PhA_TroP_MgI3,2.81775572400718
FM_TroP_BaI3,2.81798857617727
PhA_i-BuA_PtCl3,2.81805614095002
FA_MA_ZrCl3,2.8182499939128
i-BuA_AA_GaBr3,2.81833294023025
DiEA_Az_HfI3,2.81846163232566
HA_GUA_WCl3,2.81866808164901
3-Py_PhA_PdCl3,2.81875740031478
IM_MA_GeI3,2.81876735190125
PhA_IM_PbBr3,2.81907697511639
DiEA_GUA_PtCl3,2.81995477699763
3-Py_TetraMA_GeI3,2.82045285562368
Cs_i-BuA_WCl3,2.82065823963442
EA_TriMA_PdCl3,2.82070639590981
PhA_IM_PdCl3,2.82134896383841
TetraMA_IM_PtCl3,2.82135964682086
PhA_TiZ_CaI3,2.8217498297925
EA_NH4_WCl3,2.82205101447936
EA_i-PA_PdCl3,2.82215164945379
HA_HY_PbBr3,2.82227342628548
HY_IM_GeI3,2.82257224890492
TetraMA_TroP_MnI3,2.82268885619541
Cs_Py_MoCl3,2.82272734024493
EA_AA_ZrCl3,2.82318535969637
DiEA_TroP_TiBr3,2.82321185331659
Cs_DiMA_WCl3,2.82363149109063
3-Py_DiEA_SnBr3,2.82373842584724
i-PA_PhA_GaBr3,2.82419908586677
EA_PhA_GaBr3,2.82576466669637
DiEA_Py_PbBr3,2.82589226081827
DiMA_GUA_PdCl3,2.8260477718649
EA_GUA_PdCl3,2.8260477718649
HY_MA_WCl3,2.82614256928625
TroP_i-BuA_TiI3,2.82693454029825
FM_i-BuA_SnBr3,2.82721408076852
HY_PhA_HgI3,2.82733931046805
DiEA_TiZ_MnI3,2.82743945372292
TriMA_Cs_HfBr3,2.82747858309876
FA_TriMA_PdCl3,2.82751246024265
EA_PhA_ZrCl3,2.82760909816596
i-BuA_TiZ_TiBr3,2.82768109533339
DiMA_TroP_MnI3,2.82789416593697
EA_TroP_MnI3,2.82789416593697
PhA_TroP_GeBr3,2.82813393901594
HA_i-BuA_SnBr3,2.82829852012386
FM_PhA_TiBr3,2.82882890278825
FA_i-PA_PdCl3,2.82895771378663
MA_TiZ_CdBr3,2.82922293273242
HY_Py_GeI3,2.82924403403552
IM_i-BuA_SnBr3,2.82962835867395
DiEA_TetraMA_GaBr3,2.82976796415326
DiEA_FA_GaBr3,2.82984109432245
DiEA_TroP_MnBr3,2.82986136138176
TriMA_TiZ_GeI3,2.83076646838915
PhA_MA_PbBr3,2.83080914829542
IM_i-BuA_GaBr3,2.83085742143689
DiMA_Az_CdBr3,2.83098688892169
EA_Az_CdBr3,2.83098688892169
DiEA_HA_PdCl3,2.83133382405987
FM_Cs_ZrI3,2.83144069045297
3-Py_HY_CdBr3,2.831541578251
NH4_DiMA_ZrCl3,2.83163463114909
EA_TroP_NiCl3,2.83186609831406
3-Py_Az_CdBr3,2.83270092255048
3-Py_FA_GeI3,2.83282691292278
DiMA_AA_PdCl3,2.83290622767168
EA_AA_PdCl3,2.83290622767168
MA_TiZ_MoCl3,2.83378381567806
EA_DiMA_PdCl3,2.83388411181605
Cs_Az_HfBr3,2.83389956583367
PhA_DiMA_TiI3,2.83430189567722
i-PA_GUA_ZrCl3,2.83556984078207
HA_TroP_TiBr3,2.83564666060536
TetraMA_TroP_CdI3,2.8360163110481
FA_HY_PbBr3,2.83602575570683
FM_Py_CdBr3,2.83635381934658
DiEA_MA_GeI3,2.83665209289803
FA_AA_ZrCl3,2.83691282258805
TetraMA_AA_ZrCl3,2.83700874136913
GUA_MA_ZrCl3,2.83726792537357
NH4_TiZ_PbBr3,2.83735588922661
Cs_TiZ_PbBr3,2.83767526426174
Cs_TroP_PbBr3,2.83856567616453
TriMA_TroP_ZnI3,2.83895927343808
NH4_MA_MoCl3,2.83905940625318
FA_Cs_GeBr3,2.83919015962087
HA_DiMA_PbBr3,2.83937904001577
FA_HA_WCl3,2.83951316775664
PhA_Az_PbBr3,2.8396435166161
HA_Az_GeBr3,2.83968260980253
HY_i-BuA_GaBr3,2.83972570102948
Cs_DiMA_PbBr3,2.84036576095472
FM_PhA_MnI3,2.84042233895837
TroP_AA_GeI3,2.84051943094479
HA_GUA_PdCl3,2.84228187699358
3-Py_TetraMA_CdBr3,2.84262043112062
PhA_AA_TiI3,2.84321983264361
Cs_MA_HfI3,2.8432388366662
FM_TiZ_CdBr3,2.8435770810877
HA_NH4_HfCl3,2.8437266418948
FA_TroP_CdBr3,2.84392371431496
DiEA_HA_PbBr3,2.84425940011047
DiEA_HA_MoCl3,2.84440373242889
PhA_TroP_PbBr3,2.8444429235004
3-Py_Az_GeI3,2.84448906373998
GUA_TroP_GeI3,2.84486380975268
FM_DiEA_SnBr3,2.84512135680421
DiEA_Cs_GeBr3,2.84521270551737
TetraMA_Py_GeI3,2.84533626380314
DiMA_TroP_TiI3,2.84543289978766
EA_TroP_TiI3,2.84543289978766
Cs_TroP_MgBr3,2.84550152179788
PhA_GUA_PtCl3,2.84596187544771
i-PA_TroP_NiCl3,2.84663083186644
Py_MA_GeBr3,2.84665275643181
3-Py_TroP_NiCl3,2.84677977061491
DiEA_NH4_PbBr3,2.8470667335983
3-Py_TriMA_GeI3,2.84713792701713
3-Py_i-BuA_GaBr3,2.84734007965114
3-Py_HA_CdBr3,2.84794918487799
3-Py_i-PA_GeI3,2.8485831805611
HY_AA_PbBr3,2.8486620410041
TriMA_GUA_ZrCl3,2.84870195832847
TriMA_Cs_ZrBr3,2.84900529740054
HA_Py_GeI3,2.84908718726262
TroP_AA_PdCl3,2.84956762582083
TriMA_TroP_NiCl3,2.84958245092537
HA_i-BuA_HfCl3,2.85000072170449
NH4_MA_PbBr3,2.85119561573496
TriMA_MA_CdBr3,2.85179520167972
TroP_IM_CdI3,2.85240406017337
HA_i-BuA_HgI3,2.85249927646732
Az_Py_GeI3,2.85360283032523
FM_AA_PbBr3,2.85403076796983
i-BuA_MA_MoCl3,2.85408905417899
i-PA_TroP_ZnI3,2.85425799623569
i-PA_TiZ_GeI3,2.85457658512709
FA_GUA_ZrCl3,2.85479148142625
IM_i-BuA_TiI3,2.85499940104252
i-PA_i-BuA_HfI3,2.85531486025677
3-Py_IM_TiBr3,2.85677710482334
TetraMA_Py_PtCl3,2.85717851018567
FA_NH4_WCl3,2.85748034257527
Cs_i-PA_ZrBr3,2.85761176326285
HY_TroP_MnBr3,2.85823395319715
HA_MA_WCl3,2.85836314070215
TetraMA_NH4_MoCl3,2.85860537906666
HY_i-BuA_PtCl3,2.85861871128041
Cs_GUA_ZrI3,2.85957694578562
FA_PhA_VI3,2.85989444327448
TroP_Py_ZrCl3,2.85998495743022
3-Py_FM_GeI3,2.86091949262327
3-Py_FM_MoCl3,2.86105698036958
FM_GUA_PbBr3,2.86110500212845
DiEA_HA_GeI3,2.86120071464747
DiEA_Cs_PtCl3,2.86159825154714
TriMA_i-BuA_HfI3,2.86186053311316
TriMA_NH4_MoCl3,2.86194269326865
EA_TroP_CoCl3,2.86339612022091
DiEA_TroP_GeBr3,2.86342761285895
GUA_i-BuA_HfCl3,2.86346040110094
EA_Cs_WCl3,2.86348874403189
HY_PhA_GaBr3,2.86371230496712
DiEA_Cs_PdCl3,2.86388409126708
i-BuA_MA_GeI3,2.86422573543771
DiMA_TiZ_GeI3,2.86434254679207
EA_TiZ_GeI3,2.86434254679207
NH4_AA_GeBr3,2.86440136067365
i-PA_TroP_FeCl3,2.86443294452749
HA_Cs_CoBr3,2.86498504109073
PhA_TroP_TiBr3,2.86517253586034
TriMA_TroP_CrI3,2.86544618803031
IM_Az_CdBr3,2.86558877327763
DiEA_HY_TiI3,2.86598017257589
FA_i-BuA_HfCl3,2.86602062703917
TroP_IM_MgBr3,2.8664134105529
TriMA_TroP_CdBr3,2.86697588141737
TriMA_i-BuA_TeCl3,2.86708696291945
TriMA_TroP_FeCl3,2.86738456358643
FM_Az_PbBr3,2.8674365750509
TetraMA_NH4_GeBr3,2.86751351629725
Cs_GUA_HfI3,2.8676484692968
TriMA_Az_CdBr3,2.86770511636821
DiEA_PhA_PtCl3,2.86804352832669
i-PA_TroP_CrI3,2.86864713067383
TriMA_TroP_VI3,2.8686515218912
FA_PhA_MnI3,2.86905996444421
FM_TroP_MgBr3,2.86910780532084
DiEA_MA_GaBr3,2.86932666870367
EA_DiMA_CdBr3,2.86992086562435
Cs_i-BuA_ZrBr3,2.87006454593254
HY_i-BuA_HgI3,2.8703925474934
DiEA_PhA_TiI3,2.87048762096354
3-Py_FA_CdBr3,2.87050469552385
i-PA_MA_CdBr3,2.8708427954382
i-PA_HY_GeBr3,2.87098497802645
NH4_TroP_ZnI3,2.87140130087724
IM_Py_GeI3,2.87148732699768
FM_TetraMA_GeI3,2.87166388603508
DiEA_Cs_ZrBr3,2.87196090494891
DiEA_Py_MnI3,2.8721375104747
i-PA_TroP_VI3,2.87241326366327
FM_DiMA_PbBr3,2.87271909089845
FM_EA_PbBr3,2.87271909089845
PhA_i-BuA_TiI3,2.87278174739307
FM_DiEA_HgI3,2.87313261956884
TroP_Az_CrI3,2.87336802899439
FM_IM_MoCl3,2.87399387968577
FA_DiMA_GeBr3,2.8745552583111
FM_i-BuA_HgI3,2.8749542852179
AA_Py_CdBr3,2.87549126773434
DiMA_Py_CdBr3,2.87656190669476
DiEA_PhA_HgI3,2.87671512911618
Cs_Az_HfCl3,2.8767217079055
DiEA_TriMA_TeCl3,2.87743712940888
PhA_DiMA_GeI3,2.87753211303133
TroP_TiZ_NiCl3,2.87787162958707
Cs_IM_ZrCl3,2.87841149258281
DiEA_i-PA_TeCl3,2.87851412080272
FM_MA_HfCl3,2.87874558512018
PhA_TiZ_TiBr3,2.87942829373248
TroP_MA_GeBr3,2.87965313305395
TriMA_TetraMA_GeI3,2.8797048843977
EA_Cs_CdBr3,2.87982781878134
GUA_AA_ZrCl3,2.87999692841213
NH4_Py_PbBr3,2.88069562055539
PhA_GUA_GaBr3,2.88118919855321
DiEA_TroP_CrI3,2.8812789410888
HA_NH4_WCl3,2.88192705028766
HY_PhA_SnBr3,2.88221040150358
DiEA_TroP_CaI3,2.88312441721206
DiEA_Py_GeI3,2.88312510659097
PhA_TroP_TiCl3,2.88383376599306
HA_Py_CdBr3,2.88389125970795
PhA_i-BuA_HgI3,2.88395529147124
Cs_TroP_CrBr3,2.88423932527084
HA_HY_WCl3,2.88434992796803
FA_MA_GeBr3,2.88441381751298
FM_IM_GeI3,2.88458408818841
i-PA_i-BuA_ZrI3,2.88494859002464
i-PA_TroP_CdBr3,2.88557079519063
NH4_DiMA_PbBr3,2.88558338319811
EA_Py_CdBr3,2.88583961706054
FM_TetraMA_TiBr3,2.88589435845494
Cs_i-PA_HfBr3,2.88630131695838
DiEA_TetraMA_SnBr3,2.88637316787747
NH4_i-PA_MoCl3,2.88680815705071
NH4_PhA_VI3,2.8872442748479
PhA_Az_PdCl3,2.88726963565584
TetraMA_i-PA_GeI3,2.88838287958229
HA_Cs_PdCl3,2.88848946311321
IM_MA_CdBr3,2.88864183273607
GUA_i-BuA_HgI3,2.88907277286779
DiEA_TetraMA_PbBr3,2.89099194842848
HA_i-BuA_PtCl3,2.89132941557898
FA_Az_CdBr3,2.89134729301834
TriMA_i-BuA_ZrI3,2.89149426288104
FM_TetraMA_MoCl3,2.89157389214697
i-PA_i-BuA_TeCl3,2.8920888820656
DiEA_TroP_VI3,2.89229082529197
HY_PhA_MnI3,2.89246291452484
i-PA_Az_CdBr3,2.89265804003419
DiMA_IM_MoCl3,2.89381547716161
EA_IM_MoCl3,2.89381547716161
TriMA_NH4_HgI3,2.89425656512835
PhA_GUA_PbBr3,2.8944749378049
PhA_GUA_TiI3,2.89452738172738
HA_TriMA_GeBr3,2.89456639490796
NH4_TiZ_GeBr3,2.89466165073225
Cs_TroP_CrI3,2.8953907728485
HA_TiZ_MoCl3,2.89560536125301
Cs_HY_WCl3,2.89583844954549
Cs_TroP_SrI3,2.89636639666398
Cs_Py_PbBr3,2.89650746964329
Cs_AA_PbBr3,2.896716284596
FA_i-BuA_HgI3,2.89675881339805
DiMA_TroP_GeBr3,2.8973524850737
EA_TroP_GeBr3,2.8973524850737
Cs_MA_MoCl3,2.89780358595261
HY_Py_MoCl3,2.89790018339915
Cs_TroP_VBr3,2.89798002281062
Cs_Py_TiBr3,2.89798164649856
HA_NH4_HfBr3,2.89829132559784
IM_MA_MoCl3,2.89865728535405
TetraMA_Cs_MoCl3,2.89872736576299
TroP_Py_MgBr3,2.89895092460457
PhA_TiZ_MnI3,2.89930643428393
PhA_AA_CrI3,2.89971085360796
HA_i-PA_GeBr3,2.89994197170546
PhA_IM_TiI3,2.90010487266815
TroP_TiZ_MgBr3,2.90029376149609
NH4_GUA_HfCl3,2.90043893313379
TroP_IM_CaI3,2.90044828932338
DiEA_IM_TiBr3,2.90068618097388
3-Py_MA_MoCl3,2.90114377495487
Py_TiZ_GeI3,2.90171858138215
TetraMA_PhA_GaBr3,2.90213034584483
GUA_Py_MoCl3,2.90224870181639
3-Py_FA_MoCl3,2.90297761518521
Cs_IM_PbBr3,2.90406975498527
Cs_NH4_SnCl3,2.90434817354398
DiEA_Cs_WCl3,2.90449555146062
DiMA_TiZ_CdBr3,2.9049578157401
EA_TiZ_CdBr3,2.9049578157401
DiMA_TroP_NiCl3,2.90504681175967
NH4_TiZ_MoCl3,2.9063335135028
TroP_TiZ_ZrCl3,2.9067671438259
TroP_TiZ_MnI3,2.9071146652122
TroP_Py_CoCl3,2.90760025904326
Az_MA_MoCl3,2.90779998662519
FA_Py_MoCl3,2.90849127965186
3-Py_PhA_TiI3,2.90866460700653
3-Py_HY_MoCl3,2.90880843031515
PhA_Py_VBr3,2.90891906619605
FM_MA_PbBr3,2.91007056079163
DiEA_TiZ_PtCl3,2.91034444695109
TroP_IM_FeCl3,2.91054589647078
DiEA_TriMA_GeI3,2.91131349210054
TroP_TiZ_CaI3,2.91131661736416
NH4_i-PA_PbBr3,2.91162199231455
IM_AA_MoCl3,2.91252137738148
TetraMA_AA_MoCl3,2.9133756479697
NH4_IM_PbBr3,2.91349532543782
3-Py_GUA_MoCl3,2.91366183348138
DiEA_i-PA_GeI3,2.91413417968123
HA_GUA_GeI3,2.91426838069556
Cs_i-PA_PbBr3,2.91447714457667
TriMA_Py_GeI3,2.91477457988512
NH4_Py_MoCl3,2.91492975720949
DiEA_TroP_MgBr3,2.91497728910184
NH4_IM_MoCl3,2.91514790177087
TetraMA_PhA_NiBr3,2.91516447868706
PhA_MA_GeI3,2.91549708532152
TroP_Py_NiCl3,2.91563119685865
TriMA_MA_GeBr3,2.91567994387177
FM_Py_GeI3,2.91569325736764
DiMA_i-BuA_PbBr3,2.91577352867483
EA_i-BuA_PbBr3,2.91577352867483
NH4_Az_MoCl3,2.91601157786293
HY_Py_CdBr3,2.91620078829584
FA_Az_MoCl3,2.91693317646128
3-Py_TetraMA_VI3,2.91699500335476
i-PA_AA_MoCl3,2.91751446414133
TetraMA_GUA_PtCl3,2.91796145256154
DiMA_MA_ZrCl3,2.91816305010905
3-Py_Py_CdBr3,2.91829393821009
NH4_HY_MoCl3,2.91831148583136
DiEA_Py_PtCl3,2.91918235536492
DiEA_Cs_HgI3,2.92015441607281
3-Py_Py_GeI3,2.92031458368425
PhA_AA_TiBr3,2.92103053488643
PhA_Py_PbBr3,2.92111403439701
PhA_MA_TiBr3,2.92149812943269
3-Py_TetraMA_CrI3,2.92176032704102
DiMA_Az_ZrCl3,2.92176974858739
TriMA_AA_MoCl3,2.92233378326203
FA_PhA_CrI3,2.92317279483302
DiMA_TroP_CoCl3,2.92321341780236
GUA_Az_MoCl3,2.92340019626714
i-PA_MA_MoCl3,2.92364179518789
PhA_IM_GeI3,2.92375288101288
i-PA_MA_ZrCl3,2.92397346548308
DiMA_IM_GeI3,2.92404065302069
EA_FA_GeBr3,2.92460156225207
DiMA_IM_CdBr3,2.92469624516607
EA_IM_CdBr3,2.92475196955997
AA_MA_MoCl3,2.92492430512621
EA_MA_MoCl3,2.92492430512621
HY_TiZ_MoCl3,2.92510515726426
DiEA_Py_PdCl3,2.9253743823137
DiMA_MA_MoCl3,2.92554424559213
TroP_TiZ_TiI3,2.92598372288511
Cs_TroP_VI3,2.92628499304692
TriMA_TroP_TiBr3,2.92644123801952
FM_NH4_MoCl3,2.92663850003556
Cs_TroP_BaI3,2.92684295836685
i-BuA_Py_GeI3,2.92721813612092
FA_TiZ_GeI3,2.92751456860527
AA_Az_MoCl3,2.9276815712072
FA_GUA_PdCl3,2.92769682676921
FM_TroP_PdCl3,2.92785547134502
Cs_i-PA_CdBr3,2.92812428161236
DiMA_GUA_GeI3,2.92885154130283
DiEA_HY_GeI3,2.92896917705776
TroP_IM_TiBr3,2.92948869646829
HY_Az_MoCl3,2.92949236382515
EA_MA_ZrCl3,2.93017993530396
FA_TetraMA_CdBr3,2.93049061834575
i-PA_TroP_TiBr3,2.93055605910107
PhA_IM_MnI3,2.93083645699686
DiMA_i-BuA_ZrI3,2.93104198164344
EA_i-BuA_ZrI3,2.93104198164344
TriMA_MA_MoCl3,2.93112051406736
i-BuA_Py_TiI3,2.93146731524238
i-PA_PhA_TiI3,2.9317081034625
Cs_TiZ_CdBr3,2.93251241178552
FM_TiZ_MoCl3,2.93274073876465
PhA_Py_CrI3,2.93299186688574
TroP_IM_NiCl3,2.93324161099598
EA_Az_ZrCl3,2.9337866337823
FA_IM_MoCl3,2.93479542875798
FA_HY_HfCl3,2.93482552306915
TriMA_TetraMA_GaBr3,2.93487276882474
DiMA_Az_MoCl3,2.93505524820346
TetraMA_i-BuA_MoCl3,2.93512128839398
Cs_AA_CdBr3,2.93553075149581
FA_TetraMA_MoCl3,2.93569353383819
EA_Az_MoCl3,2.93571840695972
FM_FA_PbBr3,2.93615333301495
NH4_Az_HgI3,2.93623352523926
DiMA_Az_GeBr3,2.93703388826831
EA_Az_GeBr3,2.93703388826831
TroP_i-BuA_MnI3,2.93707309344881
TriMA_MA_ZrCl3,2.93710558302948
TetraMA_TroP_CoCl3,2.93714480083848
DiMA_TroP_CdI3,2.93736901766243
EA_TroP_CdI3,2.93736901766243
IM_i-BuA_HgI3,2.9375278160016
EA_GUA_GeI3,2.93754255432114
FA_IM_GeI3,2.93790057090309
FM_TriMA_MoCl3,2.93793383444012
Cs_TroP_ZnI3,2.93808502434321
PhA_GUA_TiBr3,2.93819145864783
HY_IM_MoCl3,2.93821807271533
FM_Py_MoCl3,2.93834915474007
TriMA_Cs_MoCl3,2.93893117808779
EA_PhA_HgI3,2.93895669321798
IM_i-BuA_PbBr3,2.93906271115406
PhA_Py_MnBr3,2.93940648896359
DiEA_Py_VI3,2.93982068794402
DiMA_TroP_TiBr3,2.94068266992649
EA_TroP_TiBr3,2.94068266992649
TetraMA_MA_GeBr3,2.94094292665217
HA_MA_HfCl3,2.94172893209445
DiEA_TriMA_ZrI3,2.94191976323544
TriMA_PhA_TiI3,2.94211852752981
TriMA_i-BuA_HgI3,2.94239164873061
TroP_Az_VI3,2.94278213688616
3-Py_DiEA_GaBr3,2.94283552320049
DiEA_i-PA_ZrI3,2.94336501677941
TetraMA_i-PA_GaBr3,2.9437457190814
TriMA_AA_CdBr3,2.94424856292367
DiEA_AA_PdCl3,2.9444742577001
GUA_TiZ_GeI3,2.94528199040632
NH4_AA_PbBr3,2.94541392607492
FM_Az_TiBr3,2.94590051729079
DiEA_TriMA_HfI3,2.94608219442048
PhA_AA_PbBr3,2.94633460252664
TroP_Az_NiCl3,2.94654975002463
FM_TroP_BaBr3,2.94657048842601
DiEA_i-PA_HfI3,2.94752744796446
FA_TetraMA_GeI3,2.94775572195612
NH4_i-BuA_PbBr3,2.94792419222081
TetraMA_AA_GeI3,2.94842447953876
PhA_DiMA_VI3,2.950361666891
Cs_TiZ_TiBr3,2.95067094556497
i-PA_Py_GeI3,2.95071333709017
PhA_MA_PdCl3,2.95202441624894
Cs_DiMA_MoCl3,2.95209903895262
PhA_DiMA_PdCl3,2.9525499079829
TroP_Az_ZnI3,2.95274791662507
FM_i-PA_MoCl3,2.95306214763733
3-Py_TroP_FeCl3,2.9534913112944
FM_TiZ_TiBr3,2.9536445430672
GUA_TroP_CdBr3,2.95366396029271
3-Py_i-BuA_HgI3,2.95406480456411
3-Py_Az_TiI3,2.95423614574798
TroP_TiZ_FeCl3,2.95451251063118
3-Py_Az_MnI3,2.954671114852
TroP_Az_CdBr3,2.9549423636349
PhA_IM_CrI3,2.95517792899078
FM_AA_MoCl3,2.95520660172514
FM_TriMA_TiBr3,2.95595461719727
HA_TroP_CrI3,2.95596677439563
DiEA_HY_GaBr3,2.95692677175889
FM_DiMA_MoCl3,2.95716232310994
FM_EA_MoCl3,2.95716232310994
EA_NH4_ZrCl3,2.95720499626119
DiEA_PhA_MnI3,2.95880030617216
i-PA_TroP_CoCl3,2.95900325898205
HY_GUA_ZrCl3,2.9595800797069
Cs_MA_ZrBr3,2.95978966002626
3-Py_IM_VI3,2.959824596954
HY_MA_HfCl3,2.95998015476319
DiEA_HA_TiI3,2.96163043524312
i-PA_i-BuA_HgI3,2.96189675963787
TriMA_TroP_CoCl3,2.96195487804099
FA_DiMA_MoCl3,2.9626360546888
FM_Az_MoCl3,2.96282608551898
HA_AA_HfCl3,2.96343199008875
HA_DiMA_HfCl3,2.96343199008875
HY_i-BuA_PbBr3,2.96481990575101
FM_HA_PbBr3,2.96495484926391
FM_i-BuA_TiI3,2.96515990529619
PhA_Py_VI3,2.96569451499476
HY_PhA_PbBr3,2.96584018271429
FM_DiEA_TiI3,2.96584030036592
HA_TroP_VI3,2.96635207252821
TroP_i-BuA_PbBr3,2.96656077199712
Cs_HY_ZrI3,2.96683055007719
3-Py_TroP_TiCl3,2.9675798790781
HY_PhA_TiI3,2.96780330757162
HA_IM_MoCl3,2.9687906759238
i-PA_AA_CdBr3,2.96920148658965
TetraMA_HY_MoCl3,2.96931167679285
FA_TiZ_CdBr3,2.96977932470773
TriMA_TroP_MnBr3,2.96996760742748
FA_GUA_GeI3,2.9700976664701
DiEA_DiMA_ZrI3,2.97014916744531
DiEA_EA_ZrI3,2.97020489183921
NH4_TroP_TiCl3,2.97148106069624
TetraMA_i-BuA_HgI3,2.97195989256682
3-Py_TroP_CaI3,2.97209298295731
NH4_PhA_PbBr3,2.97264756389347
Cs_PhA_TiBr3,2.97331718895955
EA_PhA_TiI3,2.97338617813314
HY_DiMA_ZrCl3,2.97341493238736
TroP_i-BuA_CaI3,2.97369730538214
i-PA_TroP_MnBr3,2.97372934919955
Cs_NH4_PbCl3,2.97480871043739
TetraMA_IM_TiI3,2.97512532469694
AA_MA_MnI3,2.97519153264851
EA_FA_MnI3,2.97519153264851
3-Py_HA_MoCl3,2.97519645380745
3-Py_DiEA_HgI3,2.97615648439423
PhA_GUA_MnI3,2.97642571649363
HA_GUA_HfCl3,2.97648600237525
FA_TroP_CdI3,2.97716463384323
i-PA_HY_MoCl3,2.97753159193878
TroP_TiZ_MgI3,2.97822291554794
i-BuA_TiZ_MnI3,2.97837623340485
DiEA_TiZ_PdCl3,2.9784781915551
Cs_HY_HfI3,2.97859797760447
FM_TetraMA_TiI3,2.97862791579194
i-PA_GUA_MoCl3,2.97889479142372
FA_GUA_MoCl3,2.97995484499836
Cs_i-BuA_PbBr3,2.98028563105668
DiMA_TroP_CrI3,2.98060376236569
EA_TroP_CrI3,2.98060376236569
DiMA_i-BuA_HgI3,2.98078168985707
EA_i-BuA_HgI3,2.98083741425097
NH4_GUA_PbBr3,2.98100046393584
TetraMA_TiZ_MnI3,2.98139498468546
GUA_MA_MoCl3,2.98174594003829
TroP_IM_VI3,2.98229675666629
DiEA_MA_ZrI3,2.98379930743508
TetraMA_i-BuA_SnBr3,2.9839992067167
HA_Py_MoCl3,2.98426339155833
HA_PhA_PbBr3,2.98430079690691
TriMA_PhA_HgI3,2.98483763807197
TriMA_HY_MoCl3,2.98501031081825
Cs_Az_ZrBr3,2.98503404075024
i-BuA_Az_ZrI3,2.98507634138098
TetraMA_TroP_CaI3,2.98530324022491
FA_PhA_PbBr3,2.98551155576072
EA_DiMA_MoCl3,2.98594387763765
TriMA_GUA_MoCl3,2.98637351030318
FM_i-BuA_PbBr3,2.98755863143311
TroP_IM_CrI3,2.98770883264245
FM_HA_MoCl3,2.98817372957358
HY_TroP_CdI3,2.9884086475863
i-BuA_Az_HfI3,2.9884227981725
PhA_DiMA_CrI3,2.98844414600582
TetraMA_Cs_HfCl3,2.98927587356741
PhA_AA_GeI3,2.98928446288945
FA_MA_MoCl3,2.9895001995094
NH4_AA_MoCl3,2.99066779349189
DiMA_AA_MoCl3,2.99071803185013
EA_AA_MoCl3,2.99071803185013
3-Py_TroP_CoCl3,2.99074331091374
DiMA_i-BuA_GaBr3,2.9908966157102
3-Py_Py_CdI3,2.99090646910008
FA_AA_MoCl3,2.99111171412385
TroP_IM_MnI3,2.99131831900107
GUA_MA_CdBr3,2.99271287715381
GUA_AA_MoCl3,2.99333132501736
AA_Py_GeI3,2.99347219953012
IM_Py_TiI3,2.99357847125987
HY_AA_MoCl3,2.99447259945589
FM_TroP_TiCl3,2.9947422142442
3-Py_TroP_CrI3,2.9948193361127
EA_FA_CdBr3,2.99487025280286
FM_FA_MoCl3,2.99529215755719
EA_HY_GeBr3,2.99589455211557
TetraMA_TroP_TiCl3,2.99619594607154
HA_AA_MoCl3,2.99630033368245
FM_i-PA_TiBr3,2.99698300691847
HA_HY_HfCl3,2.99708595442219
NH4_GUA_MoCl3,2.99716494653833
HY_GUA_MoCl3,2.99717851534652
HA_Az_MoCl3,2.99770812154401
GUA_AA_GeI3,2.99822970369567
FM_TroP_CdBr3,2.99843271491314
FA_Cs_MoCl3,2.9985087316086
FA_i-PA_MoCl3,2.99887901078181
DiMA_TroP_FeCl3,2.99942796458879
EA_TroP_FeCl3,2.99942796458879
NH4_i-BuA_GeI3,2.99950235600084
DiEA_NH4_CdBr3,2.99966432616169
TroP_Az_MnBr3,2.99966465053331
DiEA_TroP_TiCl3,2.99997058868053
3-Py_AA_GeI3,3.00022337926466
TroP_MA_ZnI3,3.00061306039073
Cs_AA_WCl3,3.00121121765525
i-BuA_Py_MnI3,3.00155800664897
DiMA_GUA_MoCl3,3.00181241394441
EA_GUA_MoCl3,3.00181241394441
EA_FA_MoCl3,3.00194040110264
3-Py_TiZ_GeI3,3.00232455033639
3-Py_TroP_VI3,3.00394656188142
DiEA_Py_TiBr3,3.00412679709851
i-PA_PhA_HgI3,3.00434274897922
Cs_MA_WCl3,3.00467572993901
GUA_TroP_CdI3,3.00491154871917
FA_DiMA_MnI3,3.00504366250539
PhA_i-BuA_MnI3,3.00516550003076
DiEA_Py_CrI3,3.00594050015839
TroP_IM_TiI3,3.00595214264786
FM_GUA_MoCl3,3.00597228714048
DiEA_FA_TiI3,3.00621063522156
HA_TriMA_MoCl3,3.00624893003395
HA_TriMA_ZrCl3,3.00631291466139
FA_TriMA_MoCl3,3.00652647066789
Cs_TiZ_CrI3,3.00655175983917
HY_DiMA_MoCl3,3.00655479342712
EA_NH4_MoCl3,3.00656913982802
TriMA_PhA_PtCl3,3.00665494280497
PhA_IM_TiBr3,3.00667096104674
HY_MA_MoCl3,3.00713169761472
Cs_GUA_HfCl3,3.0075347571358
HA_i-PA_MoCl3,3.00769418357792
HA_i-PA_ZrCl3,3.00775816820536
TetraMA_GUA_MoCl3,3.00777202296386
3-Py_PhA_MnI3,3.00805060233569
FM_HY_MoCl3,3.00830757049243
PhA_IM_MnBr3,3.00841256216495
GUA_IM_MoCl3,3.00877741405382
TroP_Py_FeCl3,3.00941100886672
PhA_TiZ_CrI3,3.00952308218308
NH4_HY_HfCl3,3.00986346908757
DiMA_TroP_VI3,3.01011577992153
EA_TroP_VI3,3.01011577992153
3-Py_Py_PdCl3,3.010187628127
HA_TetraMA_ZrCl3,3.01027732628246
IM_Az_GeI3,3.0103726487657
AA_Az_GeI3,3.01070515067228
PhA_Az_TiBr3,3.01160023131394
TroP_IM_MgI3,3.01260040034429
FM_MA_MoCl3,3.01260606954892
HY_DiMA_GeBr3,3.01264472260229
AA_Az_TiI3,3.01280877022605
3-Py_TroP_TiBr3,3.01286710576716
PhA_Py_MnCl3,3.01292716511617
NH4_PhA_CdBr3,3.01293333175505
3-Py_Py_CrI3,3.01293809035751
3-Py_PhA_ZrCl3,3.01341929026581
DiEA_FA_PdCl3,3.01371820499666
3-Py_IM_CrI3,3.01410014395226
DiEA_IM_PdCl3,3.01413358666536
HA_DiMA_MoCl3,3.01428194129885
DiEA_IM_VI3,3.01443258833466
Cs_NH4_ZrI3,3.01482030994116
FA_NH4_MoCl3,3.01546906017642
EA_PhA_MnI3,3.01548749665782
TroP_i-BuA_PdCl3,3.01572597239732
NH4_DiMA_MoCl3,3.01684317449923
3-Py_Az_VI3,3.01747780311185
AA_MA_CdBr3,3.01760431195243
Cs_i-BuA_GeBr3,3.0177255771965
PhA_GUA_SnBr3,3.01833123749488
3-Py_GUA_GeI3,3.01836653323325
DiEA_HY_VI3,3.01840940717219
Cs_TroP_ZnBr3,3.01858467341498
TroP_Az_TiBr3,3.01895293162491
FA_Cs_HfCl3,3.01939586742693
EA_HA_HfCl3,3.0194994540133
3-Py_IM_GeI3,3.01952747343227
HY_GUA_PbBr3,3.02010008273626
i-BuA_AA_GeI3,3.02034149919133
TetraMA_MA_MoCl3,3.02035417099653
TetraMA_TiZ_TiBr3,3.02066950542128
FA_DiMA_CdBr3,3.02146043104527
PhA_AA_MnBr3,3.0218442049517
EA_DiMA_ZrCl3,3.02207409988705
FM_DiEA_PbBr3,3.02227866173573
FA_IM_CdBr3,3.02234224809164
Cs_TiZ_VI3,3.02258345967433
TetraMA_TroP_FeCl3,3.0226090735362
FA_HY_MoCl3,3.02278227729329
FM_Py_TiBr3,3.02340075692173
DiEA_EA_PdCl3,3.02372184104111
Az_Py_CdI3,3.02409153631769
TriMA_AA_GeI3,3.02418671861715
FM_GUA_GeI3,3.02458485364664
Cs_MA_HfBr3,3.02486136555076
HA_TetraMA_MoCl3,3.02488121777196
3-Py_Py_VI3,3.02525968354401
TroP_i-BuA_CrI3,3.02553825297004
GUA_Py_TiI3,3.02566865636225
i-PA_DiMA_MoCl3,3.02639692746624
TroP_AA_CdI3,3.0263999835677
DiEA_TiZ_CrI3,3.02645521612046
PhA_i-BuA_VI3,3.02663050142571
i-PA_PhA_PtCl3,3.0267018026956
EA_HA_CdBr3,3.02784534636402
Az_Py_PdCl3,3.0293791686664
TroP_Py_CrI3,3.02957904064836
TroP_Py_VI3,3.02957904064836
FM_Cs_PbCl3,3.03032763498585
3-Py_Az_TiBr3,3.03087956262421
TetraMA_TroP_CrI3,3.03107937759139
HA_GUA_MoCl3,3.03174121703719
3-Py_MA_CdBr3,3.03205895181269
TroP_Py_TiBr3,3.03229028206211
HA_PhA_VI3,3.03247351943878
Az_TiZ_GeI3,3.03267383541863
PhA_MA_CdI3,3.03297208651939
HA_NH4_MoCl3,3.0333029844084
HA_PhA_CrI3,3.03367940306646
TriMA_DiMA_MoCl3,3.0338756463457
HA_i-BuA_ZrBr3,3.03424924961546
Py_TiZ_CdBr3,3.03463606194148
HY_Az_MnI3,3.03468909529406
TetraMA_TroP_VI3,3.03484551058084
AA_MA_TiI3,3.0351981051699
EA_FA_TiI3,3.0351981051699
TroP_IM_CoCl3,3.03541447739955
TetraMA_Az_ZrI3,3.03564701122896
TroP_Az_MgI3,3.0357870024726
TroP_MA_CdI3,3.0361842364233
TroP_IM_TiCl3,3.03641161833176
TetraMA_Az_ZrBr3,3.03829357188677
Py_TiZ_VI3,3.03856187691184
HY_i-BuA_ZrBr3,3.03869135811901
Py_TiZ_TiI3,3.03896984765019
TetraMA_Az_HfI3,3.03899346802048
PhA_Py_FeCl3,3.0391102816226
EA_TriMA_MoCl3,3.03943043941497
TriMA_IM_GeI3,3.03993290509552
DiEA_AA_GeI3,3.04002112573082
3-Py_Az_PdCl3,3.04081614601707
EA_i-PA_MoCl3,3.04087569295894
Cs_i-BuA_MoCl3,3.04160831294857
GUA_TroP_MnI3,3.04220935918794
EA_DiMA_GeBr3,3.04235488732801
Cs_NH4_HfI3,3.04279733577211
HA_i-BuA_GeI3,3.04294451776022
Cs_HY_PbCl3,3.04347619266037
Az_Py_VI3,3.04440338095357
DiMA_i-BuA_GeI3,3.04549106026132
EA_i-BuA_GeI3,3.04567614567903
FM_Az_GeBr3,3.04580720069552
i-PA_Py_PdCl3,3.0460644936993
HA_Py_MnI3,3.04640850322028
3-Py_HY_GeBr3,3.04688444753877
FA_TroP_GeBr3,3.04706504352837
PhA_TiZ_MgI3,3.04708475731944
i-PA_AA_GeI3,3.04799683535509
FA_Cs_WCl3,3.04831972977528
3-Py_FM_TiBr3,3.04832149484596
TroP_Az_TiCl3,3.04881398543255
3-Py_DiMA_TiI3,3.04918120863106
3-Py_EA_TiI3,3.04918120863106
TriMA_Py_PdCl3,3.05008410907875
AA_TiZ_GeI3,3.05012746383558
TetraMA_TroP_TiBr3,3.05077190563714
3-Py_DiMA_VI3,3.05091805409581
3-Py_EA_VI3,3.05091805409581
3-Py_MA_TiI3,3.05161007489629
Py_TiZ_PdCl3,3.05185833303597
TroP_i-BuA_VI3,3.05246896062778
PhA_TiZ_VI3,3.05350650835756
HA_DiMA_CdBr3,3.05403214162331
DiEA_PhA_CrI3,3.05463358871938
PhA_AA_VI3,3.05495929787065
3-Py_DiEA_PbBr3,3.05508153693192
DiMA_TroP_CdBr3,3.05533592486536
EA_TroP_CdBr3,3.05533592486536
3-Py_i-BuA_PbBr3,3.05540523784193
Cs_PhA_TiI3,3.05638496361477
TroP_Az_FeCl3,3.0564247312883
HY_i-BuA_GeI3,3.05651822304169
IM_Py_MnI3,3.0565912427666
TroP_Py_TiCl3,3.05666371639403
EA_Cs_MoCl3,3.05678769112221
IM_AA_TiI3,3.05737072287768
HA_MA_MoCl3,3.05777211413929
FM_AA_TiBr3,3.05814871648431
NH4_Py_TiBr3,3.05842722723931
PhA_Py_CoCl3,3.05971767098862
i-PA_PhA_MnI3,3.06013937556432
EA_HY_MoCl3,3.06014992382716
DiMA_Py_TiI3,3.0606993557532
EA_Py_TiI3,3.0606993557532
Cs_Py_TiI3,3.060924461429
HY_AA_CdBr3,3.06095806293672
i-PA_MA_GeBr3,3.06109452443279
FA_TroP_CrI3,3.06112268757736
DiMA_TroP_InCl3,3.06172334552635
DiEA_TiZ_TiCl3,3.06175042759167
TetraMA_TroP_CdBr3,3.06260688923635
DiEA_PhA_VI3,3.06264093304523
3-Py_FM_MnI3,3.062873729002
3-Py_FM_TiI3,3.06291886150982
3-Py_DiMA_CrI3,3.06324702294772
3-Py_EA_CrI3,3.06324702294772
i-PA_IM_GeI3,3.06374302183346
TroP_AA_MnI3,3.06389226786093
TriMA_PhA_MnI3,3.06432784072941
i-PA_PhA_PbBr3,3.06444569319455
FA_DiMA_TiI3,3.06505023502678
DiEA_PhA_SnBr3,3.06568343861387
FM_TetraMA_CdBr3,3.06646477180792
DiEA_FA_GeI3,3.06684748036184
PhA_TiZ_MnBr3,3.06751820019477
3-Py_TetraMA_TiBr3,3.06752210025281
EA_HA_MoCl3,3.06787707169888
i-PA_HY_ZrCl3,3.06848330110345
DiEA_Az_PdCl3,3.0692561152819
TriMA_IM_PdCl3,3.06940269373317
3-Py_Az_CrI3,3.06945801328601
EA_i-PA_GeBr3,3.07041748349904
TroP_TiZ_InCl3,3.07120402134278
FM_Cs_HfCl3,3.07136262134702
3-Py_TroP_MnBr3,3.0715585231886
i-PA_IM_PdCl3,3.07160503725594
DiEA_DiMA_PdCl3,3.07247346620026
EA_PhA_CrI3,3.07255723572844
3-Py_TiZ_VI3,3.07313288869515
IM_Py_PdCl3,3.0732587088397
Cs_MA_PbCl3,3.07345095369537
3-Py_IM_TiI3,3.07376061150376
DiEA_TetraMA_GeI3,3.07384994518203
FM_TroP_ZnI3,3.0751153117673
EA_TriMA_GeBr3,3.07519418885727
FA_TroP_MnI3,3.07534502387887
HA_AA_CdBr3,3.0753913909258
TroP_IM_InCl3,3.07598303823743
DiMA_TroP_TiCl3,3.07602480153467
EA_TroP_TiCl3,3.07602480153467
i-BuA_Py_CrI3,3.07646257380514
Cs_IM_TiI3,3.07758190569461
TriMA_Py_CdBr3,3.07769602838619
FM_IM_GeBr3,3.07785171171824
GUA_Az_GeI3,3.07793204672323
3-Py_FA_TiI3,3.07809832740966
IM_i-BuA_VI3,3.07831198578436
FM_Py_TiI3,3.07838630594437
3-Py_IM_PdCl3,3.07894436339483
HA_Cs_WCl3,3.07914428812746
3-Py_TiZ_CdBr3,3.07918787751054
TriMA_DiMA_GeBr3,3.07999279227197
EA_TroP_InCl3,3.08012828166085
EA_GUA_ZrCl3,3.08026989426001
TriMA_HY_ZrCl3,3.08161541864985
3-Py_MA_TiBr3,3.08210798685794
AA_Py_MnI3,3.08225769653384
TetraMA_HY_CdBr3,3.08242582599077
FA_PhA_CdBr3,3.08306016329288
Cs_i-BuA_HfCl3,3.08444952982683
i-BuA_AA_PdCl3,3.08523921402611
i-BuA_Py_VI3,3.08694028644721
Az_TiZ_MnI3,3.0872413139944
Py_MA_MnI3,3.08729405973922
FA_AA_CdBr3,3.08758819979455
EA_HY_ZrCl3,3.08788370133025
FA_PhA_TiBr3,3.0883771948274
PhA_TroP_CoCl3,3.08840033219822
TroP_Py_CdBr3,3.08843648161088
Az_Py_CrI3,3.08847660195058
3-Py_TiZ_TiI3,3.08862598292076
TetraMA_i-BuA_GaBr3,3.08864308291028
3-Py_DiMA_CdBr3,3.08883373952072
3-Py_EA_CdBr3,3.08883373952072
PhA_Az_CrI3,3.08893941559537
TroP_Py_MnBr3,3.0890214480917
TriMA_TroP_MgI3,3.08907191435795
PhA_Py_GeBr3,3.0895855292088
Py_TiZ_MnI3,3.08967900670986
FM_TroP_MnCl3,3.0898067940804
PhA_TroP_FeCl3,3.09006445400328
Py_TiZ_CrI3,3.090542087086
HA_HY_HfBr3,3.09096188296902
EA_PhA_VI3,3.09181380939801
3-Py_IM_CdBr3,3.09190445855946
PhA_TiZ_GeBr3,3.09257530568666
TroP_IM_MnBr3,3.09308011943683
3-Py_PhA_CrI3,3.0935237159822
i-BuA_Az_ZrBr3,3.09361891972416
PhA_Py_NiCl3,3.0945874658416
HY_Az_TiI3,3.09469566781545
GUA_IM_GeI3,3.09490408501461
Az_MA_MnI3,3.09561466034046
TetraMA_Az_HfBr3,3.09579541319037
DiEA_TetraMA_ZrBr3,3.09634122343676
DiMA_GUA_ZrCl3,3.09710042137219
HA_Cs_MoCl3,3.09757919042464
PhA_Az_VI3,3.09778790593435
FA_Py_TiI3,3.09782417057301
TroP_AA_GeBr3,3.09803590046893
HY_GUA_GeBr3,3.09842859322093
DiEA_Cs_MoCl3,3.09904477989339
PhA_AA_PdCl3,3.09916972407075
DiEA_i-PA_PdCl3,3.09948255123231
NH4_i-BuA_PdCl3,3.10047841611774
PhA_i-BuA_CrI3,3.10084750152795
NH4_Py_MnI3,3.10086756596152
DiEA_TriMA_PdCl3,3.10113081696215
HA_NH4_ZrBr3,3.10167078333417
3-Py_FA_MnI3,3.10179335886072
DiEA_HA_VI3,3.1018164907433
FM_PhA_CdBr3,3.1019690106364
FM_i-PA_TiI3,3.10204955945997
FM_Py_GeBr3,3.10215923070544
3-Py_PhA_VI3,3.10233239481569
i-PA_Py_CdBr3,3.10264895205217
Cs_NH4_ZrBr3,3.1027180284223
FA_TroP_VI3,3.10296388000999
Py_MA_TiI3,3.10299787718067
3-Py_IM_MnI3,3.10308983081191
DiMA_Py_CrI3,3.10312568427835
EA_Py_CrI3,3.10312568427835
3-Py_AA_TiI3,3.10381420610603
EA_PhA_PbBr3,3.10495820419661
TetraMA_PhA_ZrCl3,3.10621978891754
i-PA_TiZ_VI3,3.10717966406565
DiEA_TroP_CoCl3,3.10719732583406
FA_Cs_ZrBr3,3.10772360192457
3-Py_Cs_TiBr3,3.10836971473679
Az_MA_TiI3,3.10917241475529
FM_TroP_CdI3,3.1091879918255
PhA_GUA_PdCl3,3.10919197575208
TriMA_TiZ_VI3,3.10921650744767
HY_Py_MnI3,3.1093354413893
HY_Py_TiI3,3.1093354413893
Az_TiZ_PdCl3,3.10963439195435
Az_TiZ_CdBr3,3.10972923618571
GUA_Py_GeI3,3.11000067072486
HA_TetraMA_CdBr3,3.11170652071288
3-Py_AA_CdBr3,3.11198517356225
HA_TroP_MnBr3,3.11207298446918
FA_GUA_CdBr3,3.11215682574622
3-Py_TiZ_MnI3,3.11234634112835
HA_TroP_GeBr3,3.11248507448534
i-PA_TiZ_TiI3,3.1127273753277
i-PA_TroP_MgI3,3.11311044051477
3-Py_Cs_MnI3,3.11318322249086
FM_Py_MnI3,3.11335880105066
TetraMA_MA_ZrI3,3.11336780095233
3-Py_TiZ_PdCl3,3.11352360495937
FM_Cs_HfI3,3.11376292477816
3-Py_AA_PdCl3,3.11377977160141
Cs_PhA_MnI3,3.11386490973964
TroP_MA_MnBr3,3.11444949856731
EA_HA_GeBr3,3.11449321737481
TetraMA_TroP_MnBr3,3.11453402625687
TetraMA_IM_TiBr3,3.1151295795904
PhA_i-BuA_SnBr3,3.11570942752731
Az_TiZ_CrI3,3.11597055610711
TetraMA_TiZ_GeI3,3.11654821155747
IM_Az_MnI3,3.11748274388755
DiEA_TroP_FeCl3,3.11761863123798
FM_FA_GeBr3,3.11787432602891
IM_Az_PdCl3,3.11824285505184
DiEA_Cs_PbBr3,3.11864138922981
3-Py_i-BuA_ZrCl3,3.11868348826207
i-PA_IM_TiI3,3.11894064604411
FA_Py_MnI3,3.11916933041996
DiEA_i-BuA_TeCl3,3.11918714110298
FM_FA_TiBr3,3.11924486570805
i-BuA_TiZ_CrI3,3.1193248381997
TroP_Py_ZnI3,3.11936725807739
FM_TriMA_TiI3,3.11952790636784
TetraMA_AA_CdBr3,3.11986765965907
IM_AA_GeI3,3.12077641491588
TriMA_IM_TiI3,3.12097748942612
TroP_Py_CdI3,3.12115770327522
HA_DiMA_GeBr3,3.12140640116197
DiEA_TriMA_GaBr3,3.12182419208625
IM_MA_GeBr3,3.12194084519865
IM_TiZ_CdBr3,3.12208059943489
FM_DiMA_TiBr3,3.12218642976816
FM_EA_TiBr3,3.12218642976816
PhA_GUA_VI3,3.12239240065941
AA_Py_TiI3,3.12241843881045
3-Py_NH4_TiI3,3.12282480030165
PhA_Py_CrBr3,3.12311635735357
FM_TriMA_GeBr3,3.12332322048156
Cs_NH4_HfBr3,3.12363591660427
FM_TriMA_CdBr3,3.12391025296784
DiMA_Py_MnI3,3.12429644399352
EA_Py_MnI3,3.12429644399352
FM_AA_CdBr3,3.12442471608862
IM_i-BuA_PtCl3,3.12451593125756
FM_i-PA_GeBr3,3.12476847402553
DiEA_i-BuA_HgI3,3.12479708741159
HA_TroP_ZnI3,3.12515861606483
IM_Py_CdBr3,3.12564549867708
NH4_TroP_CrBr3,3.12608134922157
TriMA_i-BuA_GeI3,3.12628296563002
TroP_TiZ_TiBr3,3.12633912577003
TetraMA_TroP_NiCl3,3.12655071180919
IM_TiZ_TiI3,3.12714148298426
HY_Py_GeBr3,3.12715735804619
3-Py_HA_GeBr3,3.12727265300986
DiEA_TriMA_SnBr3,3.12731723320504
DiEA_DiMA_HfBr3,3.12808410706352
DiEA_EA_HfBr3,3.12808410706352
FA_HA_MoCl3,3.12822192515658
FM_NH4_MnI3,3.128799672685
i-BuA_Py_PdCl3,3.12911737660907
AA_Py_PdCl3,3.12934053137093
DiMA_TiZ_TiI3,3.12946162978864
EA_i-BuA_GaBr3,3.1309838649736
DiEA_i-PA_SnBr3,3.13172122349258
Cs_Az_ZrCl3,3.13175562291178
PhA_Py_CdBr3,3.13178786165447
DiEA_i-PA_GaBr3,3.13187308412073
NH4_i-BuA_ZrCl3,3.13226526315683
TroP_Az_CoCl3,3.13285827963154
3-Py_NH4_MnI3,3.13346556483758
TroP_AA_TiI3,3.13348121294784
PhA_TroP_CaI3,3.13355638496987
MA_TiZ_MnI3,3.13403911409116
MA_TiZ_TiI3,3.1341671012494
DiEA_FA_VI3,3.13428746524168
TriMA_TiZ_TiI3,3.13480908641333
FA_i-BuA_MoCl3,3.13481229074922
Az_TiZ_VI3,3.13518169749043
TroP_TiZ_CdI3,3.13523794351265
FM_FA_ZrCl3,3.13535665164431
DiMA_TiZ_MnI3,3.1357789445793
FA_i-BuA_ZrCl3,3.13587203859187
i-BuA_MA_ZrI3,3.13589677468133
PhA_i-BuA_GaBr3,3.13617320091202
NH4_HY_TiI3,3.13638343394436
Az_TiZ_TiI3,3.13684788850503
i-PA_TiZ_MnI3,3.13712447711895
3-Py_GUA_MnI3,3.13760706689808
3-Py_GUA_TiI3,3.13760706689808
3-Py_TetraMA_MnI3,3.13782098599276
FM_Cs_ZrBr3,3.13814903342336
TetraMA_PhA_PbBr3,3.13848604693842
TriMA_IM_CdBr3,3.13856861533687
3-Py_TriMA_PdCl3,3.13862488031839
DiMA_TiZ_CrI3,3.1389477073496
EA_TiZ_CrI3,3.1389477073496
TriMA_TiZ_MnI3,3.13916132050096
TetraMA_HY_ZrCl3,3.13925115010401
3-Py_i-PA_PdCl3,3.14007013386237
DiEA_IM_MnI3,3.14025395523376
3-Py_AA_MnI3,3.14042614398685
DiEA_PhA_GaBr3,3.1409473870549
GUA_Py_MnI3,3.14106708083251
TroP_IM_BaBr3,3.14139178912076
DiMA_IM_TiI3,3.14155120104842
EA_IM_TiI3,3.14155120104842
IM_MA_MnI3,3.14178521074691
IM_MA_TiI3,3.14178521074691
3-Py_PhA_GeI3,3.14192587966853
TetraMA_Py_TiI3,3.14243942652152
DiMA_AA_TiI3,3.14269471386647
EA_AA_TiI3,3.14269471386647
3-Py_MA_CrI3,3.14332267318885
Cs_i-PA_ZrCl3,3.14338499978607
AA_TiZ_TiI3,3.14451413505178
TetraMA_PhA_GeI3,3.14452846279841
FM_NH4_TiI3,3.14468019597688
FM_PhA_PbBr3,3.14484547382031
EA_TiZ_MnI3,3.14490617034801
PhA_TroP_MgCl3,3.14493743424614
DiEA_HY_MnI3,3.14512794348711
NH4_PhA_TiBr3,3.14519410219357
3-Py_GUA_TiBr3,3.14546887300411
IM_TiZ_MnI3,3.1456982726889
FM_Az_TiI3,3.14578656332229
EA_TiZ_TiI3,3.14586327121787
FA_TriMA_TiI3,3.14591703672917
3-Py_HA_MnI3,3.14649422692273
i-PA_DiMA_GeBr3,3.14666873120504
TetraMA_i-BuA_PbBr3,3.14700085213537
FM_i-PA_CdBr3,3.14700424744506
Cs_GUA_ZrBr3,3.14705835490445
FM_GUA_TiBr3,3.14711022563841
FA_i-PA_TiI3,3.14736229027314
TriMA_TiZ_CdBr3,3.14787231340462
FM_IM_MnI3,3.14815277806995
PhA_MA_TiCl3,3.14828719313142
TriMA_TiZ_PdCl3,3.14865823922002
TetraMA_TiZ_CrI3,3.14871857309218
HY_i-BuA_PdCl3,3.14957204938155
i-PA_TiZ_PdCl3,3.15086058274278
i-BuA_Az_HfBr3,3.15112076102776
3-Py_DiEA_HfCl3,3.15241846656623
Az_Py_ZnI3,3.15275928455571
Py_TiZ_GeBr3,3.15326185810666
IM_TiZ_PdCl3,3.15352394645524
3-Py_TiZ_CrI3,3.15375683095288
HA_Py_TiI3,3.1538206889607
FM_TiZ_GeBr3,3.15386807456828
i-BuA_TiZ_PdCl3,3.15416575448263
FM_NH4_ZrCl3,3.15422060923533
3-Py_HA_TiI3,3.15446570639079
3-Py_HY_TiI3,3.15446570639079
DiMA_Py_VI3,3.15458635730207
EA_Py_VI3,3.15458635730207
TetraMA_IM_GeI3,3.15516788300733
HY_PhA_CdBr3,3.15539986912393
IM_i-BuA_TiBr3,3.15557686675356
PhA_MA_MnBr3,3.15568802189097
FM_TiZ_TiI3,3.15590087929332
FM_Cs_HfBr3,3.15646670353823
3-Py_PhA_CoCl3,3.15678726765922
PhA_GUA_CrI3,3.15688769311703
DiEA_AA_TiI3,3.15792718111221
GUA_TiZ_PdCl3,3.15793186750528
3-Py_HY_MnI3,3.15832262104875
NH4_TroP_MnCl3,3.15867258026337
FM_PhA_GeI3,3.15896117915319
NH4_Py_TiI3,3.1592239934337
HA_Cs_PbCl3,3.15928427684013
FM_TiZ_MnI3,3.15937504120488
FM_IM_TiI3,3.15938164762869
TriMA_TetraMA_ZrI3,3.15969046862406
Cs_PhA_ZnI3,3.16044712524707
FA_i-BuA_TiI3,3.16058910966431
TetraMA_TiZ_CdBr3,3.160691605048
EA_IM_MnI3,3.16069469227608
i-PA_TiZ_CrI3,3.16119259111921
DiMA_IM_MnI3,3.16142566840093
TetraMA_i-PA_ZrBr3,3.16163035219556
FA_HY_CdBr3,3.16191633454095
TriMA_TetraMA_ZrBr3,3.16233702928187
IM_Az_TiI3,3.16236199719496
DiEA_NH4_TiI3,3.16307025202144
TriMA_TiZ_CrI3,3.16322943450123
TriMA_TetraMA_HfI3,3.16385289980911
i-PA_IM_CdBr3,3.16418469775911
GUA_Az_CdBr3,3.16424395418011
AA_TiZ_PdCl3,3.16463625954443
TroP_i-BuA_SrI3,3.16515514095615
FM_TetraMA_PdCl3,3.16525374838522
FM_i-BuA_MoCl3,3.16560571517008
FA_TetraMA_PdCl3,3.16588851101194
TroP_TiZ_TiCl3,3.16606585497419
i-PA_GUA_TiI3,3.1673597515128
EA_PhA_GeI3,3.16778277330026
NH4_TroP_VBr3,3.1679225416542
TetraMA_TroP_ZnI3,3.16807825469036
DiMA_MA_MnI3,3.16811001978852
EA_MA_MnI3,3.16811001978852
PhA_TiZ_TiCl3,3.16938472024198
TriMA_GUA_TiI3,3.16939659489481
i-PA_PhA_ZrCl3,3.16952492025542
HA_TiZ_CdBr3,3.16980897330527
FA_TroP_TiBr3,3.16987439088236
TetraMA_i-PA_ZrI3,3.17071068764397
GUA_TroP_CrI3,3.17105014882477
DiEA_Az_HfBr3,3.17127694061638
FM_Az_MnI3,3.17169901025221
i-PA_IM_MnI3,3.17188640798556
NH4_PhA_CdI3,3.17231085747317
i-PA_TiZ_CdBr3,3.1728252370706
3-Py_FA_TiBr3,3.17284904018204
PhA_IM_CaI3,3.17293062751682
TriMA_Py_TiI3,3.17317704585579
HY_MA_MnI3,3.17317760395853
IM_AA_MnI3,3.17343230610419
TriMA_IM_MnI3,3.17392325136757
HA_i-BuA_PdCl3,3.17424149661866
HA_GUA_MnI3,3.17450433290162
Az_Py_TiBr3,3.17462364850246
TetraMA_Py_MnI3,3.17480053566829
TetraMA_i-PA_HfI3,3.17487311882902
GUA_Py_CdBr3,3.17556738470826
i-BuA_Az_PdCl3,3.17568235014298
3-Py_GUA_CdBr3,3.17589886818778
DiEA_TiZ_GeI3,3.17651229999413
DiEA_TriMA_HfBr3,3.17660354668212
TriMA_NH4_MnI3,3.17678796535389
FA_IM_MnI3,3.1771882939027
DiEA_i-PA_HfBr3,3.17804880022609
i-PA_i-BuA_GeI3,3.17820853313602
DiEA_NH4_TiCl3,3.17879648361968
FM_i-BuA_CrI3,3.17931391484542
PhA_TroP_CdI3,3.17936928417666
DiEA_Az_ZrBr3,3.1794230742151
FA_TriMA_CdBr3,3.17958406020888
TetraMA_AA_PdCl3,3.17964794966767
DiEA_TroP_MgCl3,3.17969038716186
FM_DiEA_CrI3,3.17999430991516
GUA_TroP_GeBr3,3.1801094362462
Az_TiZ_CdI3,3.1802478832807
i-PA_Py_TiI3,3.18026742824249
i-PA_Py_MnI3,3.18034816758218
FM_i-BuA_VI3,3.18040760710898
TriMA_NH4_TiI3,3.18067690675738
i-BuA_Py_TiBr3,3.18070298876413
TriMA_AA_PdCl3,3.18087758342267
TriMA_GUA_GeI3,3.18100507917346
FA_i-PA_CdBr3,3.18102931375286
i-PA_AA_PdCl3,3.18105522130334
GUA_AA_CdBr3,3.18116596038063
FA_Cs_HfBr3,3.18128067239814
FM_PhA_PdCl3,3.18140554786623
DiEA_TriMA_ZrBr3,3.18150726348073
HA_MA_MnI3,3.18177920092498
DiEA_GUA_PdCl3,3.18212658450233
PhA_IM_VI3,3.18213920034633
TriMA_Py_MnI3,3.1823850109642
HA_GUA_CdBr3,3.18263757992599
DiEA_i-PA_ZrBr3,3.1829525170247
FA_PhA_GeI3,3.18298235244895
FM_HA_MnI3,3.18307862765649
FM_TroP_CrBr3,3.18348306465824
i-PA_HY_MnI3,3.18356679256316
FM_HY_MnI3,3.18383855745644
3-Py_GUA_PdCl3,3.18387628126252
HY_GUA_CdBr3,3.1846175840158
GUA_Az_TiI3,3.18462148963765
GUA_Py_PdCl3,3.18491505520014
DiMA_AA_CdBr3,3.18522881081431
EA_AA_CdBr3,3.18522881081431
TriMA_HY_MnI3,3.18560363594518
TetraMA_PhA_TiI3,3.1861669712814
FA_IM_TiI3,3.18752517880261
FA_HA_MnI3,3.18788328821734
HA_GUA_PbBr3,3.18798159521433
EA_HY_MnI3,3.18869354086489
FA_TiZ_TiI3,3.18872451979069
PhA_IM_MgI3,3.18878429151145
PhA_i-BuA_GeI3,3.18880197069965
Py_TiZ_CdI3,3.18906474889241
TetraMA_DiMA_ZrI3,3.19003813262866
HY_GUA_MnI3,3.19071909107201
DiEA_i-BuA_GaBr3,3.19081114566037
IM_AA_PdCl3,3.19088392050073
FM_MA_TiBr3,3.1913538366925
TroP_TiZ_CrI3,3.19159708538224
TroP_TiZ_VI3,3.19159708538224
Cs_NH4_HfCl3,3.19159712722627
3-Py_TiZ_ZnI3,3.19177481421724
DiEA_NH4_MnI3,3.19182840343946
TetraMA_GUA_GeI3,3.19187014228801
FA_Az_TiI3,3.19272604973199
FA_Az_GeBr3,3.19334276240197
Cs_PhA_CrI3,3.19337290446754
FM_NH4_PbCl3,3.19393441178923
IM_i-BuA_ZrCl3,3.19408489356262
PhA_DiMA_TiBr3,3.19414649485304
TetraMA_IM_VI3,3.19505613064976
AA_Az_CdBr3,3.19621389467959
HA_Py_GeBr3,3.1964045877157
EA_NH4_MnI3,3.19644911656455
FA_Az_MnI3,3.19702476611227
3-Py_DiMA_TiBr3,3.1975004755934
3-Py_EA_TiBr3,3.1975561999873
TroP_TiZ_BaBr3,3.19858135730708
Cs_Az_TiBr3,3.19864375535317
EA_TetraMA_ZrI3,3.19886144102594
Cs_PhA_VI3,3.19955297889339
FM_Cs_ZrCl3,3.20033283217466
TriMA_i-BuA_PbBr3,3.2005174223674
Cs_MA_HfCl3,3.20117009617781
Cs_GUA_MnI3,3.20133507569159
FM_TetraMA_VI3,3.20185772127534
Cs_TroP_InCl3,3.20209105288904
i-BuA_MA_GeBr3,3.20250146908585
Cs_AA_ZrBr3,3.20261679279763
HA_NH4_TiI3,3.2033783637523
DiEA_GUA_TiI3,3.20347404520351
3-Py_TroP_MgCl3,3.20352548895388
FM_HY_TiI3,3.2037818742804
TriMA_i-PA_HfBr3,3.20381043548477
HY_PhA_CrI3,3.20403557391106
3-Py_i-PA_TiI3,3.20420582332615
FM_DiEA_VI3,3.2048083603863
TriMA_Cs_ZrCl3,3.20536202314158
GUA_TroP_PdCl3,3.20537484868469
DiMA_GUA_TiI3,3.20539208667592
EA_GUA_TiI3,3.20539208667592
AA_TiZ_CdBr3,3.20583864414959
DiEA_TetraMA_HfBr3,3.20585227730365
MA_TiZ_GeBr3,3.20606465713413
3-Py_TiZ_CdI3,3.20608784702824
GUA_IM_TiI3,3.20625987872616
DiMA_TiZ_CdI3,3.20644761823255
EA_TiZ_CdI3,3.20650411899922
DiEA_HA_MnI3,3.20674082305675
GUA_MA_MnI3,3.208337105002
Cs_PhA_CdI3,3.20900096285738
IM_TiZ_MgI3,3.20929210412727
FA_PhA_PdCl3,3.20963251269792
TetraMA_Cs_ZrCl3,3.20988767762755
AA_MA_VI3,3.21025797741992
EA_FA_VI3,3.21025797741992
GUA_i-BuA_MoCl3,3.2102960325974
GUA_i-BuA_ZrCl3,3.21055190839408
NH4_DiMA_MnI3,3.21091785657727
DiEA_NH4_GeBr3,3.21141532346401
TetraMA_DiMA_HfBr3,3.21190612629417
TetraMA_i-BuA_PtCl3,3.21231654409768
IM_Py_TiBr3,3.21245629845097
HA_HY_MoCl3,3.2130496965381
Cs_GUA_HfBr3,3.2130617275758
i-PA_Az_VI3,3.21331666836377
Cs_TiZ_FeCl3,3.21347678736516
FA_TiZ_MnI3,3.2134789888416
FA_TroP_BaBr3,3.21386123885845
TroP_IM_GaCl3,3.2140705345483
TriMA_Az_VI3,3.21469035298953
3-Py_TriMA_TiI3,3.21535581069734
TriMA_PhA_ZrCl3,3.21535977371475
i-BuA_TiZ_GeI3,3.21540031518598
3-Py_TriMA_VI3,3.21602521130271
Az_TiZ_ZnI3,3.21660137291145
HY_TroP_TiCl3,3.21669494150802
FA_TroP_ZnI3,3.21740415211782
NH4_PhA_ZnI3,3.21792935345967
TriMA_i-PA_ZrI3,3.21796535599369
DiEA_DiMA_ZrBr3,3.21843949446088
DiEA_EA_ZrBr3,3.21843949446088
IM_Py_GeBr3,3.21855772058702
i-PA_DiMA_ZrI3,3.21858287465364
PhA_TroP_MgBr3,3.21939545437928
TriMA_TiZ_CdI3,3.21974346430877
TriMA_TetraMA_HfBr3,3.21983887058547
DiMA_TiZ_ZnI3,3.22000474082003
EA_TiZ_ZnI3,3.22000474082003
DiEA_AA_VI3,3.22005567263674
FM_DiEA_MoCl3,3.22054969344721
EA_TetraMA_HfBr3,3.22072943469144
FA_MA_MnI3,3.22082547387421
GUA_TiZ_TiI3,3.2209784887332
TetraMA_GUA_CdBr3,3.22101066598871
IM_AA_CdBr3,3.22116796853861
Cs_PhA_InCl3,3.22137043531774
AA_MA_CrI3,3.22137311468713
EA_FA_CrI3,3.22137311468713
3-Py_i-PA_VI3,3.22226722260243
TetraMA_i-PA_HfBr3,3.22237461029927
TriMA_DiMA_ZrI3,3.22297692572695
i-PA_PhA_CrI3,3.22336694634716
FM_FA_MnI3,3.22346444167738
TetraMA_IM_PdCl3,3.22355079871201
TriMA_i-PA_PdCl3,3.22436407237178
3-Py_DiEA_GeI3,3.2253109707499
TetraMA_i-BuA_HfBr3,3.22536381468946
AA_TiZ_MnI3,3.22539965173442
HA_TroP_CdI3,3.22556152636709
FA_HY_MnI3,3.22604915810434
IM_Py_VI3,3.22623147778372
HA_HY_TiI3,3.22656132491145
HY_DiMA_MnI3,3.22668052945444
FA_TroP_BaI3,3.22669752848523
FA_NH4_MnI3,3.22706562874868
DiMA_MA_TiI3,3.22755134733891
EA_MA_TiI3,3.22755134733891
Cs_HY_ZrBr3,3.22759376794671
DiMA_MA_CdBr3,3.22767105156201
EA_MA_CdBr3,3.22767105156201
DiEA_FA_CrI3,3.22800923641681
NH4_PhA_GeI3,3.22855538058076
GUA_Py_VI3,3.22886478928208
3-Py_Cs_MnBr3,3.22899982457195
FM_TroP_VBr3,3.22913630554977
HY_PhA_VI3,3.22931944060491
HY_TiZ_CdBr3,3.23014330280907
DiEA_MA_GeBr3,3.23019934215412
Py_TiZ_TiBr3,3.23147434157823
FM_MA_MnI3,3.23204382837461
GUA_TroP_TiBr3,3.23280320680339
EA_TroP_ZnI3,3.2330702726566
TetraMA_Py_CdI3,3.23307709045627
NH4_i-BuA_CdBr3,3.23310793377144
FM_PhA_CdI3,3.23332116364845
3-Py_Py_GeBr3,3.2335013293676
i-BuA_TiZ_TiCl3,3.23361560136609
TriMA_i-BuA_SnBr3,3.23381689837894
HA_TetraMA_GeBr3,3.23398112458952
Cs_Py_MnI3,3.23434383106464
NH4_MA_MnI3,3.23440216777283
i-PA_HY_TiI3,3.23564833462394
FM_MA_TiI3,3.23631786162933
Cs_GUA_WCl3,3.23632178076893
TriMA_PhA_CrI3,3.23666745643265
i-PA_Py_VI3,3.23718072606968
PhA_GUA_CdBr3,3.23749488338716
TriMA_HY_TiI3,3.23768517800595
Py_MA_CdI3,3.23812326408187
NH4_Py_VI3,3.23820468570235
FA_HA_TiI3,3.23859741001072
GUA_IM_MnI3,3.23897549828556
TetraMA_TiZ_TiCl3,3.23897735872654
EA_NH4_TiI3,3.23918311023615
TriMA_Py_VI3,3.2392175694517
GUA_IM_PdCl3,3.23927918280838
FA_DiMA_VI3,3.2401101072768
3-Py_NH4_TiBr3,3.24017656897079
DiEA_NH4_VI3,3.24046549821014
PhA_IM_CdI3,3.24133993993468
i-PA_TiZ_CdI3,3.2414001969991
EA_TriMA_ZrI3,3.24175194596068
FA_TroP_MgI3,3.24177891084302
TetraMA_TiZ_PdCl3,3.24221833665101
FM_PhA_ZnI3,3.24282204637342
EA_i-PA_ZrI3,3.24319719950465
EA_HY_TiI3,3.24326962948671
FA_TriMA_GeBr3,3.24337510054153
DiEA_AA_CrI3,3.2436145669805
PhA_i-BuA_TiBr3,3.24418895019259
TroP_TiZ_MnBr3,3.24451755024731
FA_i-PA_GeBr3,3.24482035408551
Py_TiZ_ZnI3,3.24530782216073
FA_AA_MnI3,3.24591306051258
FA_AA_TiI3,3.24591306051258
3-Py_AA_TiBr3,3.24610986920276
3-Py_NH4_VI3,3.24615968543631
DiEA_PhA_PbBr3,3.24649208677267
FM_AA_TiI3,3.24695183061498
Cs_GUA_ZrCl3,3.24787836511626
AA_Az_VI3,3.24912514001261
FM_HA_TiI3,3.24915442756817
GUA_AA_MnI3,3.24926865380975
GUA_AA_TiI3,3.24926865380975
PhA_AA_CdI3,3.24947415395162
TroP_i-BuA_GeBr3,3.24955230475133
HA_NH4_MnI3,3.2496894854884
3-Py_TetraMA_PdCl3,3.24987797631001
HY_TroP_GeBr3,3.25014980020823
NH4_i-PA_MnI3,3.25087189950807
NH4_HY_MnI3,3.25089431608081
FA_DiMA_CrI3,3.251225244544
TroP_i-BuA_TiBr3,3.2516138390521
DiEA_IM_CrI3,3.25200377675766
FM_i-BuA_TiBr3,3.25264365306091
HA_Cs_ZrI3,3.25286777531135
GUA_TiZ_MnI3,3.2537498326865
IM_Py_CrI3,3.25375508561084
TroP_IM_ZnI3,3.2544290347003
i-PA_PhA_VI3,3.25447734949334
FA_TroP_CaI3,3.2550740063095
HA_HY_MnI3,3.2551017039463
FA_HY_TiI3,3.25546637857685
HA_i-PA_MnI3,3.25624469535753
3-Py_Cs_VI3,3.25759598352725
NH4_TiZ_MnI3,3.25760181818609
TetraMA_Py_PdCl3,3.25776100402642
3-Py_i-BuA_GeI3,3.25780770735053
AA_TiZ_TiBr3,3.25797280951716
PhA_IM_GeBr3,3.25857916475729
i-PA_i-BuA_PbBr3,3.25868431915284
FA_NH4_TiI3,3.25870225532118
TetraMA_DiMA_PdCl3,3.25889553300868
DiMA_TiZ_VI3,3.25890120471278
EA_TiZ_VI3,3.25890120471278
EA_TetraMA_PdCl3,3.25906087016659
HY_IM_GeBr3,3.25938239528432
TriMA_HY_CdBr3,3.25970516120645
TriMA_TiZ_ZnI3,3.25977110073598
GUA_Az_MnI3,3.26026350393329
TroP_Az_MnCl3,3.26035690313847
AA_Az_TiBr3,3.26050923751868
HA_PhA_ZnI3,3.26058530693399
3-Py_FM_GeBr3,3.26084326990434
NH4_MA_TiI3,3.26114933511998
HA_PhA_GeI3,3.26129456403103
3-Py_Py_ZnI3,3.26132773694496
FA_TetraMA_TiI3,3.26163893339133
FM_AA_MnI3,3.26168732602117
DiMA_i-BuA_HfBr3,3.26205621030025
FM_FA_TiI3,3.26223606001351
HA_TriMA_MnI3,3.26231187188866
PhA_Py_CaI3,3.26241770739627
HY_IM_MnI3,3.26268167748528
EA_i-BuA_HfBr3,3.2627193690565
Cs_IM_VI3,3.26281372651351
TroP_AA_CdBr3,3.26282089357702
GUA_MA_TiI3,3.26291319362383
3-Py_Az_MnBr3,3.26359127119999
IM_TiZ_GeBr3,3.26378172272822
3-Py_TriMA_CrI3,3.26381025645118
PhA_MA_ZnI3,3.26405595848768
NH4_GUA_TiI3,3.26502484084166
GUA_TroP_VI3,3.26502969703376
DiEA_Py_MnBr3,3.26514549105205
FA_GUA_MnI3,3.26544873376983
DiEA_i-BuA_SnBr3,3.26590594396124
HY_Az_CrI3,3.26591706103041
FM_NH4_TiBr3,3.26636667876056
i-PA_AA_TiI3,3.26644199234407
TetraMA_Py_VI3,3.26649517390281
PhA_i-BuA_PbBr3,3.26736904329464
Cs_TiZ_MnI3,3.26759531080873
PhA_TroP_CdBr3,3.2676190693414
Py_MA_CrI3,3.26788903989792
FA_i-BuA_VI3,3.26793784884942
NH4_AA_MnI3,3.26808950187054
HA_MA_TiI3,3.26823862893888
TriMA_AA_TiI3,3.26847883572609
3-Py_GUA_VI3,3.2690809429819
FA_i-BuA_GeI3,3.2692183731179
FA_i-BuA_CrI3,3.26921861529895
FM_DiMA_MnI3,3.26933562072284
FM_EA_MnI3,3.26933562072284
IM_AA_VI3,3.26969408156623
HY_Az_VI3,3.26975554006547
3-Py_i-PA_CrI3,3.2700522677509
HY_AA_MnI3,3.27016379956478
3-Py_TetraMA_CdI3,3.27059041088889
HA_PhA_CdI3,3.27064567823044
PhA_i-BuA_PdCl3,3.27076898787357
3-Py_i-BuA_TiI3,3.27103522682582
PhA_TroP_VBr3,3.27109781567712
DiMA_Py_ZnI3,3.27118915469872
EA_Py_ZnI3,3.27118915469872
3-Py_PhA_TiBr3,3.27129040681218
HA_GUA_GeBr3,3.27129724332851
HA_PhA_CdBr3,3.27150340134109
TetraMA_i-BuA_GeI3,3.27164154371159
3-Py_TiZ_TiBr3,3.2721286926098
i-PA_Az_CrI3,3.27214659006873
NH4_Az_MnI3,3.27222535322186
NH4_DiMA_TiBr3,3.27297139699648
PhA_GUA_MnBr3,3.27299817648649
HY_MA_TiI3,3.27320920528248
TriMA_Az_CrI3,3.27418343345074
HA_AA_MnI3,3.27430136982691
3-Py_Py_TiBr3,3.2743630958937
DiMA_Py_CdI3,3.27449994915545
EA_Py_CdI3,3.27449994915545
Py_MA_VI3,3.2748287182174
3-Py_DiEA_TiI3,3.27495086604772
Cs_TiZ_MgI3,3.27503511115094
FM_PhA_MnBr3,3.27528061857043
Cs_TiZ_VBr3,3.27534903092363
TetraMA_Py_CrI3,3.27551928730778
HY_TiZ_MnI3,3.27589886738714
Cs_TiZ_CrBr3,3.27590857652283
3-Py_TroP_InCl3,3.27592817021818
DiEA_TiZ_ZnI3,3.27603476997607
PhA_Py_MgI3,3.27633355892708
DiEA_GUA_VI3,3.27644811758883
i-BuA_AA_TiI3,3.27828573512843
FM_Az_MnBr3,3.278358822741
FM_TiZ_MnBr3,3.27845592192002
i-PA_HY_CdBr3,3.27875275496493
EA_PhA_CdI3,3.2787581335867
PhA_TroP_ZnI3,3.27891419177949
HA_PhA_PdCl3,3.28041422569846
FA_MA_TiI3,3.28046067772469
DiEA_HY_CdBr3,3.2808226805933
TroP_AA_CrI3,3.28089485501996
HY_DiMA_TiI3,3.28125661807626
TetraMA_TiZ_ZnI3,3.28141708457217
i-PA_TiZ_ZnI3,3.28142783342632
NH4_DiMA_TiI3,3.28216938914355
NH4_i-PA_TiI3,3.28258226097533
TroP_i-BuA_CoCl3,3.28300911549083
FA_TiZ_GeBr3,3.28343103575083
TroP_IM_BeBr3,3.28377297216948
3-Py_MA_VI3,3.28383006713029
TroP_AA_VI3,3.28454624285308
i-PA_TroP_TiCl3,3.28459888933671
EA_HY_CdBr3,3.28462101072411
EA_TroP_MnBr3,3.28483592906021
Py_MA_TiBr3,3.2850134654299
Cs_TiZ_ZnI3,3.28530949386866
TetraMA_NH4_TiI3,3.28539095789175
DiEA_NH4_CrI3,3.2857975347741
FM_GUA_TiI3,3.28587754756922
TriMA_TroP_TiCl3,3.28627902306209
FM_TetraMA_CrI3,3.28629336783774
TriMA_PhA_VI3,3.28634320987174
i-PA_i-BuA_SnBr3,3.28700098403635
3-Py_NH4_CrI3,3.2876754938234
DiMA_TiZ_GeBr3,3.28830825905311
Cs_Py_VI3,3.2885513021859
DiEA_IM_TiCl3,3.28855206337438
EA_TiZ_GeBr3,3.28857583989891
i-PA_Py_CrI3,3.28916093624384
PhA_AA_CdBr3,3.28944900859704
DiMA_TroP_MnBr3,3.28959717551664
NH4_i-BuA_TiI3,3.28989079182354
Cs_Az_PbCl3,3.29010776933745
NH4_IM_TiI3,3.29030124069812
DiEA_TroP_CdI3,3.29047744983594
HA_TiZ_MnI3,3.29052393729691
HA_Az_MnI3,3.29058261716615
TetraMA_Az_PdCl3,3.29070181806246
TriMA_i-PA_ZrBr3,3.29092340608203
TriMA_Py_CrI3,3.29119777962586
Cs_TiZ_PbCl3,3.29122725592191
TetraMA_TiZ_CdI3,3.29174109171739
DiEA_Py_TiCl3,3.29200676285081
TriMA_TetraMA_PdCl3,3.2922418323102
NH4_IM_MnI3,3.29230866113519
TroP_IM_SrI3,3.29316351071418
NH4_Az_TiI3,3.2933702172622
DiMA_Py_GeBr3,3.29382992783552
EA_Py_GeBr3,3.29382992783552
i-BuA_Py_MnBr3,3.29449069386476
TriMA_PhA_GeI3,3.29489087489065
GUA_MA_GeBr3,3.29491033889604
PhA_TroP_CrBr3,3.29508800952936
PhA_Az_GeBr3,3.29520275950732
DiEA_i-BuA_GeI3,3.29539610284034
TroP_i-BuA_FeCl3,3.29542543591779
Cs_Py_PbCl3,3.29573598357457
Az_MA_VI3,3.29611473091314
HY_i-BuA_TiI3,3.29656671781576
Cs_DiMA_PbCl3,3.29674284504764
i-PA_IM_TiBr3,3.29683939902073
EA_HA_MnI3,3.29792282069593
Az_MA_CrI3,3.2981493896105
HA_TroP_MgI3,3.2981612302656
TriMA_TroP_InCl3,3.29868493727037
TroP_IM_MnCl3,3.29877133602628
HA_PhA_TiBr3,3.29884476029019
DiMA_Py_TiBr3,3.2991713646363
EA_Py_TiBr3,3.2991713646363
NH4_TiZ_TiBr3,3.30059616691029
TriMA_IM_TiBr3,3.30090094804483
DiEA_GUA_GeI3,3.30097163318683
TetraMA_i-PA_PdCl3,3.30136213234167
HA_IM_MnI3,3.30146518107071
TetraMA_DiMA_ZrBr3,3.30226151369153
3-Py_MA_MnI3,3.30231663790677
FM_GUA_MnI3,3.30279776778726
3-Py_DiMA_MnI3,3.30292246732428
3-Py_EA_MnI3,3.30292246732428
TroP_TiZ_SrI3,3.3037775452486
DiEA_i-BuA_HfBr3,3.30378254510047
TetraMA_HY_GeBr3,3.30378671741336
FA_IM_GeBr3,3.30382669704548
TriMA_GUA_PdCl3,3.30395027309946
i-PA_GUA_PdCl3,3.30412791098014
3-Py_Py_InCl3,3.30431366592523
AA_TiZ_VI3,3.30464746417348
DiEA_GUA_CrI3,3.30497252660772
PhA_DiMA_MnBr3,3.30529901575306
PhA_TroP_MnCl3,3.30532059258216
FM_TetraMA_TiCl3,3.30558033758344
NH4_GUA_MnI3,3.3056899036463
NH4_i-BuA_MnI3,3.30584624459381
DiEA_HY_CrI3,3.30606127160381
DiEA_FA_CdBr3,3.30608413291299
PhA_TiZ_CrBr3,3.30668337917726
HA_IM_GeBr3,3.3068259115827
TetraMA_PhA_MnI3,3.30703980846276
3-Py_PhA_FeCl3,3.30711179114132
NH4_i-BuA_MoCl3,3.30751280199592
FM_i-PA_CrI3,3.30774415222992
GUA_i-BuA_PtCl3,3.30885033161967
3-Py_FM_CrI3,3.3089229701231
Cs_AA_HfBr3,3.30933710603759
Cs_i-PA_PbCl3,3.31021819667044
i-PA_TroP_InCl3,3.31069516861814
HA_i-PA_CdBr3,3.31085300566182
NH4_Py_CrI3,3.31097297036977
FA_PhA_CdI3,3.31104919133217
EA_TetraMA_ZrBr3,3.31108482208881
3-Py_FM_VI3,3.31140712908684
3-Py_TiZ_GeBr3,3.31158321545898
HY_DiMA_CdBr3,3.31161683762576
Az_TiZ_TiBr3,3.31171200254811
3-Py_AA_VI3,3.31181743866569
PhA_Py_CdI3,3.31196459875944
HY_PhA_PdCl3,3.31323631512935
NH4_AA_TiI3,3.31352211826738
Cs_AA_HfCl3,3.31393079063323
i-PA_TiZ_TiBr3,3.31409599185627
HA_DiMA_MnI3,3.31431214279881
HA_TriMA_TiI3,3.31439341394944
HA_TriMA_CdBr3,3.31473292234219
HY_IM_TiI3,3.3151694884937
3-Py_Cs_CrI3,3.31517256073482
FM_IM_MnBr3,3.31559634125426
FM_i-BuA_MnI3,3.31569218897522
HA_i-PA_TiI3,3.31583866749341
TriMA_TiZ_TiBr3,3.31613283523829
FM_DiEA_MnI3,3.31637258404496
NH4_TiZ_TiI3,3.31637345739222
i-PA_PhA_GeI3,3.3165493698455
DiEA_PhA_PdCl3,3.31699353061352
GUA_TroP_MnBr3,3.31737258780376
3-Py_FA_VI3,3.31738750285352
i-PA_MA_TiI3,3.31767020921809
FM_Py_VI3,3.31810906152362
TroP_i-BuA_CdI3,3.3182023549967
DiEA_TroP_CrBr3,3.31833967984475
TriMA_MA_TiI3,3.31970705260011
DiMA_TroP_VBr3,3.31986793760516
EA_TroP_VBr3,3.31986793760516
TroP_IM_SrBr3,3.32010270141907
HY_AA_TiI3,3.32066393291277
TroP_Py_CaI3,3.32076832721569
DiEA_TroP_MnCl3,3.32079319058141
FM_DiMA_TiI3,3.32141716278362
FM_EA_TiI3,3.32141716278362
HA_i-BuA_TiI3,3.3215113874833
3-Py_PhA_TiCl3,3.32157524922745
FM_GUA_GeBr3,3.32158706051684
HY_i-BuA_ZrCl3,3.32199859767967
HY_Az_TiBr3,3.32215328652177
3-Py_TroP_GaCl3,3.32225518639821
HY_Py_VI3,3.32235934624466
3-Py_FA_ZnI3,3.32273732106677
FM_TiZ_MgI3,3.32281350261233
Cs_TroP_BaBr3,3.32288290316904
FM_MA_ZrCl3,3.32336147186405
GUA_Py_TiBr3,3.32360687541755
i-PA_IM_VI3,3.32396381108562
TroP_TiZ_ZnI3,3.32416439303359
TroP_Py_GaCl3,3.32428996718008
TroP_Py_InCl3,3.32429452876045
Cs_AA_PbCl3,3.32447830566176
HA_Py_VI3,3.32462526365021
FM_TriMA_CrI3,3.32522249913779
FA_GUA_TiI3,3.325646134554
IM_TiZ_CdI3,3.32583025809713
Cs_PhA_PbCl3,3.3258531539133
TriMA_IM_VI3,3.32600065446764
TroP_MA_InCl3,3.32628139023653
FM_IM_MgI3,3.32653245188193
i-BuA_TiZ_CdBr3,3.32673291986245
DiEA_Cs_HfCl3,3.32688042947938
DiEA_TetraMA_PdCl3,3.32689820690627
TriMA_TroP_CaI3,3.32704675065618
DiMA_TiZ_TiBr3,3.32712395220685
EA_TiZ_TiBr3,3.32712395220685
GUA_TiZ_CdBr3,3.32725594734434
3-Py_Az_GeBr3,3.32815006119796
3-Py_Cs_VBr3,3.32855449000677
3-Py_FA_CrI3,3.32862460660846
HA_AA_TiI3,3.32887745844874
PhA_GUA_TiCl3,3.32939033650259
DiEA_FA_TiBr3,3.32970209208071
HY_AA_GeBr3,3.33005321252525
TetraMA_Cs_PbCl3,3.33018677155253
AA_Py_CrI3,3.33044674674579
HY_i-BuA_MoCl3,3.33048726653976
DiEA_i-BuA_PbBr3,3.33085763718321
IM_Py_CdI3,3.33121583732393
Cs_Az_MnI3,3.33171427267764
TroP_AA_ZnI3,3.33175313282989
HY_Py_TiBr3,3.33301998140927
DiEA_TroP_VBr3,3.33317583972398
FA_i-BuA_CdBr3,3.33354348454816
HA_GUA_TiI3,3.33359019953771
EA_PhA_PdCl3,3.33359025732935
HA_Cs_CdBr3,3.33432175918859
Az_MA_TiBr3,3.33438809928676
FM_TiZ_TiCl3,3.33444806170561
i-PA_Az_TiI3,3.33492180304169
DiMA_AA_GeBr3,3.33505264823637
EA_AA_GeBr3,3.33505264823637
TetraMA_IM_MnI3,3.33570986772983
EA_TroP_CrBr3,3.33590549844425
3-Py_MA_CdI3,3.33645340326099
TriMA_Az_TiI3,3.33695864642371
DiEA_HA_CdBr3,3.33705248146725
FM_TetraMA_MnI3,3.33714230314158
3-Py_IM_MnBr3,3.33721579821559
3-Py_Cs_TiI3,3.33741591738856
HA_i-BuA_ZrCl3,3.33762171288976
HY_TiZ_TiI3,3.33816223563433
TroP_TiZ_MnCl3,3.338203708977
HA_TiZ_TiI3,3.33830166909319
HA_Cs_HfI3,3.33834677848328
3-Py_TroP_MnCl3,3.33854044396575
3-Py_HY_TiBr3,3.33922268014208
HA_Py_CrI3,3.3392917503462
IM_i-BuA_CrI3,3.33942158909762
IM_MA_VI3,3.33948151765347
DiMA_Az_CrI3,3.33987025513111
EA_Az_CrI3,3.33992597952501
IM_AA_TiBr3,3.34032740599421
HY_Py_CrI3,3.34042545835463
TetraMA_AA_TiI3,3.34050600022297
3-Py_DiMA_GeBr3,3.34081463411495
3-Py_EA_GeBr3,3.34081463411495
Cs_MA_ZrCl3,3.34098477371909
FA_PhA_MnBr3,3.34150548483162
AA_Py_TiBr3,3.34194068070789
DiMA_TroP_CrBr3,3.34212745734646
PhA_Az_MnBr3,3.34261929377864
FM_i-PA_MnI3,3.34264712419249
HA_Az_TiI3,3.34266415922693
TetraMA_Py_CdBr3,3.342726432409
TroP_IM_SnCl3,3.34295498541854
TroP_Az_InCl3,3.34297716482889
MA_TiZ_VI3,3.34376938129037
Cs_IM_MnI3,3.34378725627417
3-Py_IM_CdI3,3.34419973518125
FM_TriMA_TiCl3,3.34432047352746
i-BuA_TiZ_ZnI3,3.34447359304461
PhA_TiZ_CdI3,3.34535706625224
FA_Cs_PbCl3,3.34581617728419
AA_Az_CrI3,3.3460048581841
3-Py_FM_TiCl3,3.34612312926975
i-PA_MA_MnI3,3.34642836063612
FM_TroP_InCl3,3.34645428988327
DiMA_GUA_CdBr3,3.34763173005275
EA_GUA_CdBr3,3.34763173005275
PhA_TiZ_VBr3,3.34779359548504
PhA_TiZ_MgBr3,3.34779373093866
FA_TroP_InCl3,3.34828875041642
TriMA_MA_MnI3,3.34846520401814
TetraMA_NH4_MnI3,3.34871279099912
i-PA_TroP_CaI3,3.34911463832079
IM_Az_TiBr3,3.34916384633499
NH4_i-PA_TiBr3,3.34934357215857
HY_GUA_TiI3,3.3498049577081
EA_PhA_ZnI3,3.34986663753359
FM_TetraMA_GeBr3,3.35010726099897
DiMA_Az_TiI3,3.3501435502062
EA_Az_TiI3,3.3501435502062
FM_IM_TiCl3,3.35084210180006
DiEA_PhA_TiBr3,3.35086701986282
3-Py_TriMA_GeBr3,3.35102200168824
FM_i-PA_VI3,3.35102695050656
NH4_Az_TiBr3,3.35124746744384
Py_MA_ZnI3,3.35155967834002
3-Py_FA_CdI3,3.35179924477699
MA_TiZ_CdI3,3.35201477368811
Cs_PhA_MnBr3,3.35202031228546
FA_TroP_SrI3,3.35220647027619
FM_i-PA_TiCl3,3.35245513014253
Cs_PhA_CrBr3,3.35250294162119
FM_Py_CrI3,3.35289082410107
HA_IM_TiI3,3.35354672313149
FM_DiEA_GeI3,3.35379750948105
FA_Py_CrI3,3.35420582829169
FA_Py_VI3,3.35425852377902
EA_HA_TiI3,3.35461614085167
FM_TriMA_VI3,3.3548222377612
TroP_i-BuA_MnBr3,3.35492132954985
TetraMA_MA_CdBr3,3.3549670760697
GUA_Py_CrI3,3.35533526508198
3-Py_HA_VI3,3.35612846219782
DiEA_PhA_GeI3,3.35617103144248
3-Py_HY_CrI3,3.35626379499357
FA_TetraMA_VI3,3.35669157981108
PhA_i-BuA_TiCl3,3.3567898440212
EA_Cs_HfBr3,3.35693775896837
TetraMA_GUA_TiI3,3.35731782788104
PhA_TiZ_MnCl3,3.35764268527865
Cs_AA_MnI3,3.35827230795163
FM_HY_ZrCl3,3.35841197437743
i-PA_AA_VI3,3.35851457124568
TriMA_i-BuA_GaBr3,3.35881356723836
TetraMA_PhA_PdCl3,3.3593427559157
3-Py_HY_VI3,3.35959074418567
3-Py_HA_TiBr3,3.35966381320757
IM_MA_CrI3,3.36006155636972
FM_TriMA_MnI3,3.36012547110036
EA_PhA_TiBr3,3.36024820721651
HA_i-BuA_CdBr3,3.36033061728334
TriMA_AA_VI3,3.3605514146277
TroP_AA_TiBr3,3.36062074000213
NH4_TroP_BaBr3,3.36104191722311
TriMA_Py_GeBr3,3.36120617984176
i-BuA_AA_VI3,3.36141903991847
DiMA_AA_VI3,3.36144295805535
EA_AA_VI3,3.36144295805535
i-BuA_TiZ_CdI3,3.3627304287082
TroP_AA_InCl3,3.36278346959595
FA_TroP_MnBr3,3.36315238411972
i-PA_Py_TiBr3,3.36342144280127
IM_Py_MgI3,3.36350455121486
FM_NH4_MnBr3,3.36436147801101
TetraMA_PhA_CdBr3,3.36442467849975
TroP_Az_GaCl3,3.36480426314568
3-Py_HA_CrI3,3.36494120672737
IM_Az_CrI3,3.36499654236854
FM_DiEA_TiBr3,3.36551969639481
EA_IM_VI3,3.36576027754812
TriMA_Py_TiBr3,3.36623436023597
AA_TiZ_GeBr3,3.36627368458735
TriMA_PhA_CdI3,3.36632437874087
FA_Cs_ZrCl3,3.36639475800666
PhA_DiMA_CdI3,3.36642272917957
i-PA_PhA_PdCl3,3.36653870665102
TriMA_Py_CdI3,3.36669773186693
NH4_i-BuA_VI3,3.36670578198994
AA_Py_VI3,3.36702041268191
TroP_i-BuA_ZnI3,3.3671666749437
TetraMA_Py_TiBr3,3.36800464416697
EA_DiMA_TiI3,3.36856790234849
TetraMA_i-BuA_ZrBr3,3.36862492376532
AA_Az_MnI3,3.36897669061169
HY_MA_TiBr3,3.36902850322046
3-Py_GUA_CrI3,3.36926141559725
GUA_TroP_ZnI3,3.3695766781841
Az_Py_MnBr3,3.36977210027758
TetraMA_Az_CdBr3,3.37008650316318
Cs_TroP_SrBr3,3.37015320360799
Cs_DiMA_HfBr3,3.37023409109849
DiEA_FA_TiCl3,3.37047702475153
HA_DiMA_TiI3,3.37100546295454
TroP_i-BuA_TiCl3,3.37169807077898
Cs_IM_PbCl3,3.37178895148838
3-Py_FM_MnBr3,3.37302283237949
FA_TriMA_VI3,3.37309483559184
FM_Az_TiCl3,3.37313242140599
3-Py_AA_ZnI3,3.37330453574082
NH4_IM_TiBr3,3.37378598263572
i-PA_GUA_VI3,3.37397289540876
GUA_TiZ_GeBr3,3.37419143846314
HA_i-BuA_MoCl3,3.37425359472609
FA_i-PA_VI3,3.37454008913581
i-PA_GUA_CrI3,3.37501499964667
DiEA_FA_MnI3,3.37505658504439
IM_Py_CaI3,3.37588786532769
TriMA_GUA_VI3,3.37600973879077
FM_Az_CrI3,3.3760649547834
3-Py_AA_CrI3,3.37607850279592
TriMA_GUA_CrI3,3.37705184302869
GUA_i-BuA_TiI3,3.37708091957383
IM_MA_ZnI3,3.37720963554023
AA_TiZ_CrI3,3.37747669859083
DiMA_Az_CdI3,3.3775892814314
EA_Az_CdI3,3.3775892814314
DiEA_TroP_NiCl3,3.37762035754626
IM_i-BuA_GeI3,3.3777579154737
TetraMA_Py_GeBr3,3.37782584849747
3-Py_TetraMA_ZnI3,3.37819291300096
TetraMA_TroP_MnCl3,3.37826350637563
3-Py_Az_TiCl3,3.37853073796652
3-Py_PhA_CdI3,3.37856118724409
PhA_TroP_NiCl3,3.37864819298986
3-Py_GUA_ZnI3,3.37907324581717
3-Py_DiMA_CdI3,3.37997403709022
3-Py_EA_CdI3,3.37997403709022
HY_PhA_ZnI3,3.38003883967344
TetraMA_Py_ZnI3,3.3815238296806
GUA_i-BuA_VI3,3.38170886552315
TetraMA_PhA_CrI3,3.38181744119122
TetraMA_IM_CdBr3,3.38208185762716
TetraMA_GUA_PdCl3,3.38261385359767
TroP_TiZ_SrBr3,3.38276369309823
TetraMA_HY_TiI3,3.38278770268712
HY_Py_ZnI3,3.38286695912818
DiMA_AA_MnI3,3.38312011637094
EA_AA_MnI3,3.38312011637094
EA_DiMA_MnI3,3.38329680123438
EA_NH4_TiBr3,3.38382291697984
PhA_IM_TiCl3,3.38399570272649
FM_Py_MnBr3,3.38415142151311
DiEA_TiZ_CdI3,3.38415388623979
3-Py_Cs_CdI3,3.38418269476257
i-PA_Py_GeBr3,3.3850162965797
i-PA_PhA_CdI3,3.38582948964812
TriMA_NH4_CrI3,3.38600693269441
FA_TriMA_MnI3,3.38628671483973
DiEA_HA_CrI3,3.38640382678577
MA_TiZ_CrI3,3.38641024847366
PhA_IM_CdBr3,3.38663683322506
IM_AA_CrI3,3.38703733159742
Cs_i-PA_TiBr3,3.38757645563475
TetraMA_TroP_InCl3,3.3876758527006
FA_i-PA_MnI3,3.38773196838371
FA_NH4_TiBr3,3.38803031184421
i-PA_IM_CrI3,3.38822487521586
i-PA_Py_CdI3,3.38835446455726
PhA_TiZ_SrI3,3.38848575310183
FM_Py_ZnI3,3.38886719256637
3-Py_FA_MnBr3,3.3888732553468
Cs_GUA_TiI3,3.38899779800231
Py_TiZ_CaI3,3.38987857550756
TriMA_IM_CrI3,3.39026171859787
DiEA_AA_TiBr3,3.39087726954733
DiEA_PhA_TiCl3,3.39118448681769
DiEA_TroP_CdBr3,3.39126837970462
NH4_AA_TiBr3,3.39134274196478
TriMA_PhA_PdCl3,3.39254769651292
3-Py_IM_ZnI3,3.39261453892377
FA_TriMA_CrI3,3.39289800426677
Cs_PhA_VBr3,3.39321957804799
3-Py_GUA_TiCl3,3.39396533287095
FA_i-PA_CrI3,3.39439898220465
TriMA_Cs_MnI3,3.39456279277765
Cs_TiZ_CoCl3,3.39483285187611
DiMA_IM_VI3,3.39493237102047
3-Py_NH4_TiCl3,3.39494681703787
DiEA_TiZ_CdBr3,3.3950168560605
FM_AA_GeBr3,3.3950984239221
FM_Az_VI3,3.39541822245334
PhA_GUA_CdI3,3.39543056866647
FM_TiZ_VI3,3.39575162203081
3-Py_Az_CdI3,3.39598403494693
TetraMA_IM_TiCl3,3.39618096826555
IM_TiZ_VI3,3.39639766085093
FM_IM_CrI3,3.39648988806911
DiEA_i-BuA_ZrBr3,3.397004905571
DiMA_MA_VI3,3.39715544949111
EA_MA_VI3,3.39715544949111
IM_Py_MnBr3,3.39732001991525
TroP_AA_MnBr3,3.39733478130422
i-PA_MA_VI3,3.39756849032529
i-BuA_AA_CdBr3,3.39762155275807
IM_Az_ZnI3,3.39780403977818
TriMA_DiMA_CdBr3,3.39793307328323
AA_MA_TiBr3,3.39802201930594
DiMA_MA_CrI3,3.39819755372902
EA_MA_CrI3,3.39819755372902
3-Py_TriMA_TiBr3,3.39821703935381
EA_Cs_ZrBr3,3.39836354751329
FA_Py_TiBr3,3.39841270249197
FM_Py_TiCl3,3.39843383263121
TetraMA_TroP_MgCl3,3.39844085082932
TetraMA_PhA_CdI3,3.39869008481942
FM_Py_CdI3,3.39876697257364
HA_Py_ZnI3,3.39910764120587
TriMA_MA_VI3,3.39960533370731
3-Py_PhA_CdBr3,3.39974969013935
Cs_i-PA_MnI3,3.39981311131435
DiMA_IM_ZnI3,3.4003469418881
EA_IM_ZnI3,3.4003469418881
TriMA_TroP_MnCl3,3.40049322337189
3-Py_Az_ZnI3,3.40051575586234
DiEA_i-BuA_PtCl3,3.40123872725113
NH4_Az_CrI3,3.40135037612307
TetraMA_NH4_VI3,3.40141208910178
IM_TiZ_CaI3,3.40148370932436
IM_Az_VI3,3.40157020830466
HA_TetraMA_TiI3,3.4020392086557
TetraMA_TiZ_GeBr3,3.40217427646935
PhA_TiZ_ZnI3,3.40283457734668
DiEA_MA_HfBr3,3.40311828125784
TroP_IM_GeCl3,3.4033436368333
FM_AA_MnBr3,3.40372175131848
FA_Az_VI3,3.40389267143049
TriMA_NH4_VI3,3.40391003982267
FM_HY_TiBr3,3.40409986342165
i-BuA_AA_CrI3,3.40421217946346
PhA_TroP_SrI3,3.40443615954306
IM_Az_CdI3,3.40476163348265
DiMA_IM_TiBr3,3.40478957097652
Cs_DiMA_ZrBr3,3.40497014768973
3-Py_i-PA_TiBr3,3.40512220940978
TetraMA_AA_VI3,3.40548083891932
EA_TriMA_CdBr3,3.4057716700511
Cs_Az_CrI3,3.40602006826016
TriMA_Cs_PbCl3,3.40606497283272
FM_NH4_MgI3,3.40612386170651
DiMA_IM_CrI3,3.4061694747754
EA_IM_CrI3,3.4061694747754
MA_TiZ_ZnI3,3.40626384878784
IM_MA_TiBr3,3.40668980328757
FA_PhA_ZnI3,3.40674991042535
DiMA_AA_CrI3,3.40679620598346
EA_AA_CrI3,3.40679620598346
PhA_AA_ZnI3,3.40684845502834
TroP_Py_MnCl3,3.40706414573312
TriMA_GUA_CdBr3,3.40714927340018
EA_i-PA_CdBr3,3.40721692359508
EA_IM_TiBr3,3.40761524931847
3-Py_i-BuA_VI3,3.40850433399706
PhA_Py_ZnI3,3.40875574733828
FM_IM_VI3,3.40890163080634
TriMA_TroP_GaCl3,3.40990148843775
GUA_TiZ_VI3,3.41004881395483
3-Py_DiMA_TiCl3,3.41013597117047
Py_TiZ_MnBr3,3.41056305508863
3-Py_DiMA_ZnI3,3.41058390366763
3-Py_EA_ZnI3,3.41058390366763
FM_GUA_MnBr3,3.41071597740546
AA_Py_CdI3,3.41073131690966
Cs_IM_CrI3,3.41157362570839
i-PA_HY_CrI3,3.41216560172859
GUA_IM_VI3,3.41227613913296
Cs_TiZ_NiCl3,3.41300289941548
3-Py_TroP_BaI3,3.4132888982604
HA_Cs_HfBr3,3.41331112699817
GUA_IM_CrI3,3.41331824337088
TriMA_HY_CrI3,3.4142024451106
GUA_TiZ_CrI3,3.41424266830682
i-PA_TroP_GaCl3,3.41431077349232
NH4_HY_VI3,3.41439055274531
FM_HA_TiBr3,3.41456775373663
FM_TiZ_CrI3,3.41495380726781
3-Py_AA_GeBr3,3.41547805311039
HY_TroP_CrBr3,3.41551228271131
FA_AA_GeBr3,3.41553917713823
3-Py_TiZ_MnBr3,3.41571482296563
TroP_TiZ_BaI3,3.41655685716046
TroP_MA_TiCl3,3.41656507269077
AA_Py_ZnI3,3.41664790763956
3-Py_i-BuA_CdI3,3.41673233134873
IM_Py_ZnI3,3.41684387380947
IM_TiZ_CrI3,3.41725426665336
NH4_Az_VI3,3.41730664700809
TetraMA_PhA_VI3,3.41777238784722
NH4_i-BuA_CrI3,3.41785318160538
3-Py_DiEA_VI3,3.41796607129113
TroP_TiZ_SnCl3,3.41811887139271
TroP_TiZ_CrBr3,3.41815529150267
3-Py_IM_GeBr3,3.41852294174228
i-PA_HY_VI3,3.41863323733457
3-Py_MA_TiCl3,3.41865460397331
DiEA_HY_TiCl3,3.41888337147291
PhA_IM_ZnI3,3.41918889911336
3-Py_EA_TiCl3,3.41926319693919
HY_TroP_VBr3,3.41926336211097
FM_MA_CrI3,3.42011909811618
Cs_GUA_PbCl3,3.42017045742664
3-Py_FA_GeBr3,3.42042527187177
TriMA_HY_VI3,3.42067008071659
i-PA_i-BuA_GaBr3,3.42161900304363
3-Py_i-BuA_CrI3,3.42163807691154
TriMA_IM_ZnI3,3.42219673719374
GUA_i-BuA_CrI3,3.42226682000857
FA_IM_VI3,3.42264734796792
EA_NH4_CrI3,3.42282670617785
EA_HY_CrI3,3.42283793682285
i-PA_DiMA_CdBr3,3.42288599694921
HA_TroP_TiCl3,3.42316063784913
i-BuA_AA_TiBr3,3.42324689342018
NH4_TroP_FeCl3,3.42358138886575
HY_i-BuA_CdBr3,3.42370364049978
IM_TiZ_TiBr3,3.42374934832139
FA_Az_CrI3,3.42375156449933
DiEA_TiZ_MnBr3,3.42380729794155
NH4_GUA_TiBr3,3.42395383302738
3-Py_Cs_ZnI3,3.42443945270508
Cs_i-BuA_PbCl3,3.42450712261128
3-Py_TroP_SrI3,3.42517574551378
EA_Cs_PbCl3,3.42585123856174
EA_IM_CdI3,3.42589148899536
FA_TroP_FeCl3,3.42612802971308
3-Py_AA_CdI3,3.42628136905663
HY_i-BuA_VI3,3.42660853666392
FA_Py_ZnI3,3.42663523484544
Py_TiZ_MgI3,3.42686517891328
IM_AA_ZnI3,3.42689886829072
GUA_Py_ZnI3,3.42746700645731
TetraMA_NH4_CrI3,3.42779891429958
3-Py_AA_MnBr3,3.42846858955677
FM_DiMA_MnBr3,3.42857291895851
FM_EA_MnBr3,3.42857291895851
TriMA_Az_CdI3,3.42935713437678
DiMA_IM_CdI3,3.42958455965634
GUA_Az_VI3,3.42989683215073
i-PA_GUA_CdBr3,3.43007749142407
TetraMA_TroP_SrI3,3.43007992003306
i-PA_Py_ZnI3,3.43016721170584
TetraMA_DiMA_CdBr3,3.43017823451231
FA_IM_CrI3,3.43025876248499
PhA_MA_MnCl3,3.43029436673268
EA_TetraMA_CdBr3,3.43039929606412
GUA_Az_CrI3,3.43093893638864
FM_i-BuA_CdBr3,3.43098687072922
HA_i-BuA_CrI3,3.4313312340034
HA_i-BuA_VI3,3.43138476350663
FM_DiEA_CdBr3,3.43166726579896
HA_PhA_MnBr3,3.43208218558312
NH4_Py_MnBr3,3.43218850487356
3-Py_Cs_CrBr3,3.43221588371637
FA_TiZ_VI3,3.43309510599708
FA_Py_CdI3,3.43334973043585
FM_HA_ZrCl3,3.43355038881881
IM_i-BuA_MnI3,3.43370302130189
GUA_TroP_BaBr3,3.4337057588811
HA_Py_TiBr3,3.43422122306036
FM_FA_MnBr3,3.43461658464913
AA_TiZ_ZnI3,3.4348818841961
i-PA_TroP_MnCl3,3.43497014604545
DiEA_AA_TiCl3,3.43504979006164
3-Py_TroP_SnCl3,3.43558402105205
EA_HY_VI3,3.43564278247597
HA_TroP_BaI3,3.43571496204473
HA_AA_GeBr3,3.43587162995956
AA_Py_GeBr3,3.43593248169932
FM_PhA_TiCl3,3.43595687064269
3-Py_DiEA_CrI3,3.437121557472
FA_HY_VI3,3.43763905369355
TroP_IM_BaI3,3.43768077203192
GUA_IM_CdBr3,3.43888141298418
Cs_Py_MnBr3,3.43896963851712
3-Py_TetraMA_GeBr3,3.4393529159925
IM_Az_GeBr3,3.43960976197873
TetraMA_Az_HfCl3,3.43985727790569
DiMA_GUA_VI3,3.43986164795818
EA_GUA_VI3,3.43986164795818
DiEA_Cs_CdBr3,3.4398719248224
HY_PhA_TiBr3,3.44001223078636
TriMA_i-PA_CdBr3,3.44001563081639
DiMA_GUA_CrI3,3.4400327657898
EA_GUA_CrI3,3.4400327657898
TriMA_TiZ_MnBr3,3.44024021110844
FA_TroP_NiCl3,3.44072745753083
PhA_TiZ_CoCl3,3.44147343514536
HA_TroP_SrI3,3.4417071301491
NH4_Py_CdI3,3.44197371848829
FM_AA_CrI3,3.44268967405721
NH4_PhA_TiCl3,3.44359695790436
TriMA_IM_CdI3,3.44371427225668
i-PA_IM_ZnI3,3.44385346988407
DiEA_AA_MnI3,3.44449360156793
FA_MA_CrI3,3.44477853886888
DiEA_TiZ_VBr3,3.44494411225569
TriMA_AA_CrI3,3.44514596003411
FM_TiZ_CdI3,3.44518814121242
PhA_TiZ_BaBr3,3.44564815620434
i-PA_MA_CrI3,3.44565015518389
TroP_TiZ_HgCl3,3.44628331330903
Az_TiZ_MnBr3,3.44664974835505
TroP_TiZ_ZnBr3,3.44703614196028
TriMA_MA_CrI3,3.44768699856591
HA_MA_TiBr3,3.44785407016493
TriMA_IM_GeBr3,3.44829066786027
FA_MA_ZnI3,3.44860822567403
HY_PhA_CdI3,3.44871705838105
NH4_PhA_MnBr3,3.44942261613618
HA_IM_CrI3,3.44947084772874
TriMA_Cs_TiBr3,3.44948968176646
TriMA_Az_GeBr3,3.44960231007614
Cs_Az_TiI3,3.44972096987348
FM_TiZ_ZnI3,3.44993508106639
NH4_GUA_VI3,3.45000741199803
GUA_MA_VI3,3.45009984449656
TetraMA_TiZ_MnBr3,3.4501473362398
FA_TetraMA_CrI3,3.45041335098621
Cs_IM_VBr3,3.45057510067915
GUA_MA_CrI3,3.45059933133311
3-Py_NH4_CdI3,3.4508653247217
i-PA_Az_CdI3,3.45101386706711
FM_NH4_CrI3,3.45190836088065
GUA_IM_GeBr3,3.45191745446871
i-PA_AA_CrI3,3.45223634242081
3-Py_i-PA_CdI3,3.45291702069469
FA_TiZ_CrI3,3.45295399906592
Az_TiZ_GeBr3,3.45315667014519
NH4_TroP_MgBr3,3.45344900669872
HA_Py_CdI3,3.45363918405672
MA_TiZ_TiBr3,3.45365603376192
i-PA_GUA_MnI3,3.45389477206675
TetraMA_IM_CrI3,3.45392766685954
3-Py_GUA_CdI3,3.45399387506711
FM_AA_VI3,3.45421226245565
TriMA_Az_TiBr3,3.45422828518971
FA_Az_ZnI3,3.45462623282507
HY_Py_CdI3,3.45512961681135
FM_FA_CrI3,3.45543195452728
FM_NH4_VI3,3.4554517369983
DiMA_GUA_MnI3,3.45550176619724
EA_GUA_MnI3,3.45550176619724
TriMA_GUA_MnI3,3.45593161544876
IM_TiZ_ZnI3,3.45651069649359
FM_MA_VI3,3.45665548917997
NH4_i-PA_CrI3,3.4567568335665
FA_MA_VI3,3.45728599412269
3-Py_AA_TiCl3,3.45733455038783
FA_TiZ_CaI3,3.45745298002336
FM_DiMA_CrI3,3.45750802570799
FM_EA_CrI3,3.45750802570799
3-Py_Py_MnBr3,3.45773664118677
HA_NH4_VI3,3.45776030126131
DiMA_Az_VI3,3.45826679799384
EA_Az_VI3,3.45826679799384
i-PA_Az_TiBr3,3.45840994655297
FA_GUA_VI3,3.45843106059571
FM_DiEA_PdCl3,3.45955482480399
TroP_IM_CrBr3,3.45978829768345
DiEA_TroP_ZnI3,3.45985007653958
TetraMA_GUA_VI3,3.46034315790346
HA_TroP_CaI3,3.46065396483567
3-Py_GUA_GeBr3,3.46073737062987
IM_TiZ_MnBr3,3.46126607223557
HY_DiMA_CrI3,3.46142180890155
TroP_TiZ_BaCl3,3.4618876086352
i-PA_i-BuA_HfBr3,3.46208657447832
HA_HY_VI3,3.46220127862369
FA_HY_CrI3,3.46240038038053
PhA_AA_GeBr3,3.46294031864113
FM_IM_CdI3,3.46317806808811
PhA_TiZ_CdBr3,3.46371874210323
i-PA_PhA_TiBr3,3.46378515444025
EA_PhA_CdBr3,3.46400834206385
3-Py_FA_TiCl3,3.46405434670661
PhA_DiMA_GeBr3,3.46407267522146
NH4_TroP_BaI3,3.46428055396565
HA_HY_TiBr3,3.46533268006308
FM_DiMA_VI3,3.46533809980695
FM_EA_VI3,3.46533809980695
i-PA_IM_CdI3,3.46537100494701
Cs_Py_CrI3,3.46538625986851
EA_DiMA_VI3,3.46558670803507
FM_HY_VI3,3.46610933188844
NH4_MA_TiBr3,3.46624534673447
FA_GUA_CrI3,3.46704837780541
FM_i-BuA_PdCl3,3.46750194408143
NH4_DiMA_CrI3,3.467988781769
HY_i-BuA_CrI3,3.46813712747134
TriMA_i-BuA_HfBr3,3.46842364950712
3-Py_Py_FeCl3,3.46854317997476
IM_AA_CdI3,3.4685687616757
EA_GUA_GeBr3,3.46938057543033
FM_FA_VI3,3.46976818739504
HA_DiMA_TiBr3,3.46979015547452
AA_TiZ_CdI3,3.47031760637339
3-Py_TriMA_CdI3,3.47039536760256
HA_TriMA_VI3,3.47056720266495
FA_AA_ZnI3,3.47067372027141
GUA_Py_CdI3,3.47085677605669
GUA_i-BuA_GeI3,3.4709637431284
EA_FA_ZnI3,3.47187844430933
HA_i-PA_VI3,3.47201245620893
i-PA_IM_GeBr3,3.47210078459821
TroP_Az_MgBr3,3.47255459721047
HA_TroP_BaBr3,3.47283169164805
FA_NH4_VI3,3.47300957571125
TetraMA_Cs_TiBr3,3.47327401761625
Cs_Py_VBr3,3.47339356705282
EA_HA_CrI3,3.4736495278846
HA_TriMA_CrI3,3.47375730947154
TriMA_NH4_TiBr3,3.473789116482
HY_DiMA_VI3,3.47422665455467
Az_Py_GeBr3,3.47441090079702
3-Py_NH4_ZnI3,3.47442331855744
FA_Az_CdI3,3.47456699195648
NH4_i-PA_VI3,3.47465994069475
TetraMA_IM_CdI3,3.47483722579765
TriMA_MA_CdI3,3.47494906176539
HA_i-PA_CrI3,3.47520256301552
DiMA_IM_GeBr3,3.47524463867528
EA_IM_GeBr3,3.47524463867528
DiMA_GUA_GeBr3,3.47551673098416
Cs_IM_CrBr3,3.47604916679873
Py_MA_MnBr3,3.47616018447708
PhA_IM_CrBr3,3.4762236929872
FM_GUA_CrI3,3.4767724283648
TetraMA_AA_CrI3,3.47744607193666
FA_TiZ_MgI3,3.47760986465266
PhA_Az_CdI3,3.47778761701306
NH4_TiZ_CrI3,3.47787218552635
3-Py_TroP_CaCl3,3.47791867460264
i-PA_TiZ_MnBr3,3.47826074980585
TetraMA_IM_GeBr3,3.47883458767377
TriMA_PhA_ZnI3,3.47911194704708
i-PA_PhA_ZnI3,3.47928118331023
HY_DiMA_TiBr3,3.47932771262137
AA_MA_ZnI3,3.48025227458923
FA_AA_VI3,3.48038262179483
TriMA_TiZ_GeBr3,3.48061630648383
TroP_i-BuA_CdBr3,3.48128943636206
GUA_AA_ZnI3,3.48137413656775
FA_TetraMA_TiBr3,3.48138424519723
NH4_i-BuA_GeBr3,3.48139014213104
FM_TetraMA_MnBr3,3.48146725050709
FA_AA_CrI3,3.4816493733676
PhA_DiMA_ZnI3,3.48245282003873
FM_MA_MnBr3,3.48302332492124
TroP_Az_CaI3,3.48356151424985
NH4_TiZ_VI3,3.48358353849674
GUA_AA_VI3,3.4837939394859
GUA_AA_CrI3,3.48388169817317
FA_MA_TiBr3,3.48419674853868
FM_HY_CrI3,3.48429034129034
HY_GUA_CrI3,3.48500737106662
i-BuA_Py_GeBr3,3.48503374658124
FM_AA_TiCl3,3.48540521372322
Cs_i-BuA_ZrCl3,3.48548096741038
FM_HA_VI3,3.48566953797285
TetraMA_AA_CdI3,3.48572499287713
TetraMA_HY_VI3,3.48588529547388
3-Py_TroP_HgCl3,3.48608033286091
NH4_TroP_NiCl3,3.48627931586772
HY_IM_VI3,3.48756629607028
Cs_GUA_CrI3,3.48763459169784
DiEA_IM_MnBr3,3.48767174728793
FA_IM_ZnI3,3.48794566673848
PhA_Az_TiCl3,3.48806437960326
HA_TetraMA_CrI3,3.48808297257431
HA_TetraMA_VI3,3.48813650207754
TetraMA_GUA_CrI3,3.48881184252845
EA_DiMA_CdI3,3.48910677986601
DiMA_Py_TiCl3,3.48979434781367
EA_Py_TiCl3,3.48979434781367
i-BuA_MA_CdBr3,3.48998722275026
TetraMA_Py_MnBr3,3.49036182706101
GUA_MA_ZnI3,3.49071711661448
TroP_Py_MgCl3,3.49071943727051
FA_HA_VI3,3.49073756757505
GUA_IM_ZnI3,3.49089215054078
3-Py_IM_TiCl3,3.49095512726389
AA_Az_GeBr3,3.49182696839279
PhA_AA_TiCl3,3.4918833469849
i-PA_IM_MnBr3,3.49188860618641
DiEA_TroP_SrI3,3.49190075983674
i-BuA_Py_TiCl3,3.49192736799308
Cs_TiZ_TiCl3,3.49206838649796
Py_MA_TiCl3,3.4922070123985
i-PA_MA_CdI3,3.49272517019031
NH4_MA_VI3,3.49297207968176
HY_IM_TiBr3,3.49404533420049
3-Py_i-BuA_CdBr3,3.49471138063408
DiEA_TetraMA_GeBr3,3.49503601230551
EA_HA_TiBr3,3.49537519051217
3-Py_DiEA_CdBr3,3.49553175491721
HY_MA_VI3,3.49584177703561
TriMA_IM_MnBr3,3.49595015521051
FA_TiZ_CdI3,3.49612811064723
FM_IM_MnCl3,3.49678500655475
EA_DiMA_CrI3,3.49726673146444
TetraMA_HY_CrI3,3.49802352012851
HY_IM_CrI3,3.49868143333748
FM_TiZ_MnCl3,3.49870415987185
FA_Cs_MnI3,3.49948241199583
FA_DiMA_TiBr3,3.49953727244907
FM_Py_MgI3,3.50026176327606
HA_Cs_ZrBr3,3.50085266398669
i-PA_AA_TiBr3,3.50087048073335
DiMA_TiZ_MnBr3,3.50103202398669
EA_TiZ_MnBr3,3.50103202398669
i-BuA_TiZ_MnBr3,3.50135256152944
NH4_AA_CrI3,3.50139008541164
EA_FA_TiBr3,3.50172068810022
TroP_AA_TiCl3,3.50175507275306
3-Py_PhA_NiCl3,3.50199846271701
3-Py_TroP_CaBr3,3.50204569030102
PhA_TiZ_BaI3,3.50209459541389
HA_Az_VI3,3.50210302412289
TetraMA_MA_HfBr3,3.50240725141882
DiEA_AA_CdBr3,3.50257709256292
FA_DiMA_ZnI3,3.50345082984663
GUA_Az_ZnI3,3.50396259566771
i-BuA_TiZ_GeBr3,3.50444673776991
FM_IM_MgBr3,3.50475937044156
GUA_Az_GeBr3,3.50488131744603
PhA_IM_MnCl3,3.50488206395532
EA_HY_TiBr3,3.50491274765902
TriMA_AA_TiBr3,3.50493202975745
i-BuA_Py_CdBr3,3.50520464549336
FM_TroP_NiCl3,3.50658849814803
FA_HA_CrI3,3.50738106388888
TroP_IM_ZnBr3,3.50758055664438
TetraMA_AA_TiBr3,3.50776113322162
FM_GUA_VI3,3.50781900046218
HY_TiZ_CrI3,3.50789436286899
EA_HA_VI3,3.50841313989817
HY_AA_VI3,3.50844746727466
FA_MA_CdI3,3.50851590687577
PhA_GUA_ZnI3,3.50881713806153
NH4_IM_CrI3,3.50882189498729
HY_AA_CrI3,3.50894695411121
TetraMA_DiMA_HfCl3,3.5090871192273
HA_Az_CrI3,3.50928783813657
HA_GUA_VI3,3.50930986726842
HA_DiMA_CrI3,3.50942899421386
FM_TriMA_MnBr3,3.51034830674813
i-BuA_AA_TiCl3,3.5108742194207
FM_MA_CdI3,3.51105224780289
TroP_IM_HgCl3,3.51123447723776
HY_GUA_VI3,3.51166852609959
DiMA_i-BuA_PdCl3,3.51246475422543
HA_TiZ_VI3,3.51263428450044
i-BuA_Py_CdI3,3.51291160777389
AA_Py_MnBr3,3.51304822330932
HY_TiZ_VI3,3.51321379364285
DiEA_HA_TiCl3,3.51349227714067
FM_HA_CrI3,3.51360160797627
i-BuA_TiZ_VBr3,3.51365837269353
HA_TiZ_CrI3,3.51372991824159
TriMA_Cs_CdI3,3.51397726998828
3-Py_i-BuA_MnI3,3.51410941863025
3-Py_GUA_MnBr3,3.51449760428867
i-PA_Az_GeBr3,3.5145593676645
FA_NH4_CrI3,3.51498060567492
DiEA_HY_TiBr3,3.51538504835086
EA_TroP_MgI3,3.51653982999589
PhA_DiMA_CdBr3,3.51662852188717
DiMA_TroP_MgI3,3.51673366037378
FM_TiZ_MgBr3,3.51677090458936
GUA_Py_TiCl3,3.51704225341888
NH4_HY_TiBr3,3.51739679267691
TetraMA_TroP_GaCl3,3.51746609115722
NH4_GUA_CrI3,3.51757193418675
EA_TetraMA_HfCl3,3.51791042762458
Cs_TroP_PbCl3,3.51835751232764
DiMA_MA_TiBr3,3.519048772607
EA_MA_TiBr3,3.519048772607
EA_NH4_VI3,3.51953173229317
HA_AA_CrI3,3.51959799550893
NH4_DiMA_MnBr3,3.51981051105708
FM_HY_MnBr3,3.51985494734803
EA_Cs_MnI3,3.52002519019435
TroP_TiZ_VBr3,3.520036580962
GUA_TroP_BaI3,3.52056253584064
PhA_TroP_BeI3,3.52145238628963
HA_IM_VI3,3.52161575459955
3-Py_FM_MnCl3,3.52176763318936
IM_Az_MnBr3,3.52187265431893
FM_PhA_GeBr3,3.52207213340784
Cs_i-PA_MnBr3,3.52239020498736
HA_NH4_CrI3,3.52271897941347
HY_MA_CrI3,3.52274691562905
FA_TetraMA_TiCl3,3.52288219399209
i-PA_TiZ_GeBr3,3.52299177351466
NH4_TroP_MgI3,3.52335400333463
TriMA_Cs_TiI3,3.52336794449162
FA_IM_CdI3,3.52364478379685
AA_Az_TiCl3,3.52371631290831
Cs_i-PA_CrI3,3.52427427146789
FM_Az_MnCl3,3.5245586997089
EA_i-BuA_PdCl3,3.52468084385527
3-Py_NH4_MnBr3,3.5250912323177
FA_TroP_BaCl3,3.52514677300572
HY_Az_CdI3,3.52547229745275
HA_Az_TiBr3,3.52554164765999
i-BuA_Py_ZnI3,3.52563988385437
HA_TiZ_MgI3,3.52582094179613
FM_i-PA_MnBr3,3.52599539343831
i-PA_IM_TiCl3,3.52615092188427
DiMA_Py_MnBr3,3.52620201597373
EA_Py_MnBr3,3.52620201597373
PhA_GUA_VBr3,3.52653420968227
HA_GUA_CrI3,3.52666405122958
NH4_IM_VI3,3.52672500211554
FA_TetraMA_GeBr3,3.5271629931581
HY_AA_TiBr3,3.52743624874998
GUA_TiZ_ZnI3,3.52766113521343
FA_HA_ZrCl3,3.52767190486983
FA_i-BuA_MnI3,3.52811955867976
i-PA_AA_TiCl3,3.52815938059808
i-PA_Az_TiCl3,3.52889015428061
NH4_Py_TiCl3,3.52890986473986
DiMA_TroP_GaCl3,3.52921009522671
EA_TroP_GaCl3,3.52921009522671
DiEA_TroP_BeI3,3.52922436673799
PhA_AA_MnCl3,3.52953968819643
HA_AA_VI3,3.52972451241672
DiEA_DiMA_ZrCl3,3.53023632774575
DiEA_EA_ZrCl3,3.53023632774575
3-Py_TroP_BeBr3,3.53074513828094
Az_Py_TiCl3,3.53153051554636
HA_Az_ZnI3,3.53200254270712
DiEA_Py_MnCl3,3.53208583632386
IM_AA_TiCl3,3.53232351053877
NH4_AA_VI3,3.53284275203161
HA_TiZ_ZnI3,3.53300079059095
AA_TiZ_TiCl3,3.53308649789726
TriMA_HY_TiBr3,3.53375968250885
DiEA_Py_CdI3,3.53377426617693
Cs_Az_CrBr3,3.53419560062666
Cs_HY_SnCl3,3.53452900380909
HY_IM_ZnI3,3.53470981333826
FM_DiMA_TiCl3,3.53499815557919
FM_EA_TiCl3,3.53499815557919
Cs_i-PA_VI3,3.53522890551885
Cs_TroP_BeI3,3.53572236995332
3-Py_DiEA_MnI3,3.53640947008976
TroP_i-BuA_NiCl3,3.53656113277027
EA_FA_CdI3,3.53670904160981
DiEA_Cs_ZrCl3,3.53689224669273
GUA_AA_GeBr3,3.53696974427328
Cs_TroP_TiCl3,3.53732255426388
Cs_DiMA_HfCl3,3.53737013239856
HY_TiZ_ZnI3,3.53753191571092
DiEA_HA_GeBr3,3.53772232384424
HY_AA_ZnI3,3.53799058899649
Cs_TroP_CaBr3,3.53828083973121
NH4_TiZ_CdI3,3.53865422957496
FM_PhA_MgI3,3.53882749602673
FM_TroP_CaBr3,3.53901882102129
FM_Az_ZnI3,3.53915917629782
TriMA_IM_TiCl3,3.53928303943068
NH4_HY_CrI3,3.53929389913669
FM_GUA_TiCl3,3.54048236684863
3-Py_TiZ_TiCl3,3.54107509144344
DiEA_PhA_MnBr3,3.54107952849419
FA_DiMA_InCl3,3.54114958106662
TriMA_AA_TiCl3,3.54129149814448
Cs_DiMA_MnI3,3.54134141234124
Cs_HY_HfCl3,3.54146990745677
GUA_Py_GeBr3,3.54185841673017
AA_MA_CdI3,3.54193438383392
TriMA_Az_TiCl3,3.54202227182702
3-Py_PhA_InCl3,3.54218467707705
TetraMA_GUA_GeBr3,3.54230891547589
TriMA_TroP_ZnBr3,3.54306572270999
Cs_i-PA_CrBr3,3.54350528153839
HA_DiMA_VI3,3.5438198903532
FA_Cs_CrI3,3.54433580861889
DiMA_i-BuA_ZrBr3,3.54470429700139
EA_i-BuA_ZrBr3,3.54536745575765
FA_i-BuA_PdCl3,3.54539494025086
NH4_MA_CrI3,3.54636383198441
FA_AA_CdI3,3.54717342569646
TroP_i-BuA_MgCl3,3.547324918608
FM_HA_MnBr3,3.54743520430984
GUA_MA_TiBr3,3.54761631067435
NH4_i-BuA_CdI3,3.54826234142356
i-PA_i-BuA_PdCl3,3.54831318298118
DiEA_GUA_MnI3,3.54881090818692
EA_Az_TiBr3,3.54906029659031
HA_MA_VI3,3.54908853471694
TriMA_GUA_GeBr3,3.54912615867754
FM_FA_TiCl3,3.54934978007912
NH4_i-PA_MnBr3,3.54954046778388
DiEA_PhA_CrBr3,3.54976544959402
HY_MA_MnBr3,3.54980627465724
HA_MA_CrI3,3.55001448163978
GUA_IM_CdI3,3.55023604227183
IM_Py_TiCl3,3.55085100098021
EA_TetraMA_GeBr3,3.55125155978241
i-PA_GUA_TiBr3,3.5512884457157
3-Py_TroP_BeI3,3.55148457335346
TetraMA_DiMA_GeBr3,3.55154063813097
HA_TroP_CrBr3,3.55158691822425
EA_HA_ZnI3,3.55193391328759
DiEA_TriMA_TiI3,3.552341146045
GUA_TiZ_MgI3,3.55269026962621
FM_EA_CdI3,3.55269909494004
Cs_i-PA_VBr3,3.55274312424869
PhA_IM_VBr3,3.55290191997122
FA_i-PA_TiBr3,3.55366621010865
DiEA_i-PA_TiI3,3.55378639958897
MA_TiZ_InCl3,3.55401343579134
HA_TriMA_InCl3,3.55427476019286
DiEA_GUA_TiCl3,3.55436270771956
DiEA_MA_ZrBr3,3.55442699843484
GUA_TiZ_CdI3,3.55444102847772
TriMA_i-PA_GeBr3,3.5547089898239
3-Py_i-PA_MnI3,3.55471048855594
Cs_PhA_ZnBr3,3.55472902117216
PhA_TroP_CrCl3,3.55476679788065
DiEA_IM_CdI3,3.55501722762709
EA_Cs_HfCl3,3.5551050899195
i-BuA_MA_HfBr3,3.55521574850409
TriMA_GUA_TiBr3,3.5553499947398
HA_i-PA_InCl3,3.55572001373683
TetraMA_Cs_TiI3,3.55575894911717
Cs_i-BuA_InCl3,3.55597270081591
DiEA_Py_ZnI3,3.5561429294588
FA_Py_MnBr3,3.55643636120111
HY_TiZ_CdI3,3.55645037962564
GUA_IM_TiBr3,3.55684911625162
DiMA_IM_MnBr3,3.55747197388353
EA_IM_MnBr3,3.55747197388353
i-PA_PhA_MnBr3,3.55783299255689
GUA_AA_CdI3,3.55801661849998
NH4_Py_ZnI3,3.5580303504474
DiMA_Az_TiBr3,3.55815301002036
3-Py_MA_ZnI3,3.55837076939918
IM_AA_GeBr3,3.55855759716545
i-PA_Py_MnBr3,3.5587567435932
i-PA_DiMA_HfBr3,3.55875693813541
TroP_IM_VBr3,3.55875747520885
AA_MA_InCl3,3.55907791396673
EA_FA_InCl3,3.55907791396673
FA_DiMA_CdI3,3.55918871371705
FA_HY_TiBr3,3.55920552816495
HY_TiZ_TiBr3,3.55968526777762
TroP_Az_ZnBr3,3.5597713222804
TriMA_i-PA_HfCl3,3.56037531026399
i-PA_TroP_ZnBr3,3.5605178295552
DiEA_Az_ZrCl3,3.56057891510669
TriMA_Py_MnBr3,3.56079358697522
DiEA_HA_TiBr3,3.56082074777566
3-Py_HA_ZnI3,3.560979310334
FA_TriMA_TiBr3,3.56131366999473
AA_MA_MnBr3,3.56131516285122
TriMA_PhA_MnBr3,3.56202145772198
TetraMA_TroP_BeI3,3.5621125453172
TriMA_PhA_TiBr3,3.56224550140314
HY_TroP_MgI3,3.56300970780306
GUA_TiZ_CaI3,3.5631501563449
GUA_Az_CdI3,3.56324970659622
HA_TiZ_CdI3,3.56377785366528
TriMA_TetraMA_HfCl3,3.56390073530079
Cs_HY_VI3,3.56397281452981
FA_GUA_CdI3,3.56439284204744
TriMA_DiMA_HfBr3,3.56517569485081
NH4_DiMA_VI3,3.56518132111184
3-Py_TriMA_MnI3,3.56586047592713
Cs_TroP_SrCl3,3.56644889327464
HA_AA_CdI3,3.56683633486161
DiEA_MA_CrI3,3.56711579464897
HA_IM_ZnI3,3.56729357124053
FA_TroP_MgBr3,3.56739274043344
i-PA_TroP_MgBr3,3.56739828426617
PhA_i-BuA_VBr3,3.56773864736772
TroP_IM_BaCl3,3.56790812856453
3-Py_TroP_BaBr3,3.56813324226072
Cs_Az_CdI3,3.56868418359547
TriMA_Cs_CrI3,3.56883567704655
TriMA_PhA_CdBr3,3.56911006587111
FA_Az_TiBr3,3.56914553053847
TroP_MA_CoCl3,3.57005072434441
FA_NH4_ZrCl3,3.5704507827199
DiEA_IM_GeBr3,3.57045714728934
DiEA_MA_CdBr3,3.57068918799937
TroP_MA_FeCl3,3.57082076484777
TroP_Az_MgCl3,3.57164154131007
3-Py_HY_ZnI3,3.5722934811372
i-BuA_AA_MnI3,3.57233461129632
i-PA_GUA_GeBr3,3.57293627541547
HA_DiMA_ZrCl3,3.57311725430575
HA_DiMA_ZnI3,3.57324491045162
3-Py_Py_TiCl3,3.5738743061771
HY_Az_MnBr3,3.5741993497619
i-PA_Az_MnI3,3.57433856680989
PhA_TiZ_InCl3,3.57456461796977
TetraMA_IM_ZnI3,3.57457531714153
Cs_TroP_MnCl3,3.57512134546627
PhA_DiMA_NiCl3,3.57592265942309
Cs_i-PA_TiI3,3.57602122391341
TriMA_TroP_HgCl3,3.57615158003124
HA_HY_CrI3,3.57627788905378
TriMA_Az_MnI3,3.57637541019191
DiEA_Py_CdBr3,3.57643951490618
HY_IM_CdI3,3.57671768190581
DiEA_Az_TiI3,3.57681320941893
3-Py_FM_BaI3,3.57688803227292
TetraMA_AA_TiCl3,3.57718606187294
Cs_AA_CdI3,3.5775826789389
DiEA_MA_VI3,3.5780740764021
HA_i-BuA_MnI3,3.57812285910397
HY_i-BuA_MnI3,3.57812285910397
NH4_Az_CdI3,3.57814454430949
i-BuA_Py_NiCl3,3.5783631020129
HA_MA_ZrCl3,3.57907111853864
EA_TriMA_HfBr3,3.57910886851386
3-Py_TroP_CrBr3,3.57995923848925
EA_i-PA_HfBr3,3.58055412205783
IM_i-BuA_PdCl3,3.58072445250523
FM_Py_MnCl3,3.58105417017477
Py_MA_InCl3,3.58111493952113
Cs_i-BuA_CdBr3,3.58157670805092
FA_DiMA_MnBr3,3.58181336479209
PhA_Az_CdBr3,3.58211004540473
HA_AA_ZnI3,3.58257309304636
3-Py_TroP_VBr3,3.58328204542688
TroP_Py_CrBr3,3.58336720601559
EA_FA_MnBr3,3.58399678044324
HA_TroP_InCl3,3.58400325906907
HA_TriMA_TiBr3,3.58465297503433
DiEA_TriMA_ZrCl3,3.58495605200909
Az_TiZ_TiCl3,3.58521334574869
TriMA_TroP_CrBr3,3.58525740073255
HA_IM_TiBr3,3.58532412085003
GUA_Az_TiBr3,3.58544766277997
DiEA_IM_CdBr3,3.58549148701361
FA_TroP_SrBr3,3.58568612277636
TriMA_Cs_VI3,3.58577243025279
TetraMA_TroP_HgCl3,3.58581655603197
HA_i-PA_TiBr3,3.58609822857831
Az_MA_ZnI3,3.58635551166745
DiEA_i-PA_ZrCl3,3.58640130555307
FA_Cs_CdI3,3.58712334540505
Cs_TiZ_CdI3,3.58744306901011
TroP_Py_VBr3,3.58753424483027
Cs_NH4_ZrCl3,3.58770126977705
FA_IM_TiBr3,3.58812596332135
PhA_Py_VCl3,3.58831256932419
i-PA_TroP_CrBr3,3.58901914250461
DiEA_DiMA_VI3,3.58915627915544
DiEA_EA_VI3,3.58915627915544
DiMA_TroP_MnCl3,3.58919501292597
DiEA_DiMA_HfCl3,3.58929490563976
DiEA_EA_HfCl3,3.58929490563976
NH4_IM_CdI3,3.58936230820735
PhA_Az_MnCl3,3.5903340951379
EA_TiZ_TiCl3,3.59035674071987
IM_Az_TiCl3,3.59061448154651
FA_Py_TiCl3,3.59065587764238
TroP_MA_MgI3,3.59092511100503
Cs_MA_SnCl3,3.59109757067282
IM_Py_InCl3,3.59117746112899
i-PA_PhA_CdBr3,3.591911367754
GUA_Py_MnBr3,3.59193831941796
PhA_Py_InCl3,3.59213356632943
GUA_i-BuA_CdBr3,3.5922756972938
Cs_Py_CrBr3,3.59336032653771
PhA_Az_ZnI3,3.59340702164258
PhA_Az_VBr3,3.59449204975715
FM_MA_ZnI3,3.59453777956377
Cs_DiMA_SnCl3,3.59460449041664
i-PA_TroP_HgCl3,3.59474649380451
DiMA_TiZ_TiCl3,3.5951179871763
DiEA_PhA_VBr3,3.59516089099524
FM_MA_TiCl3,3.59519652185314
FA_TetraMA_CdI3,3.59551261090144
TroP_TiZ_PbCl3,3.59563824534357
NH4_TroP_CoCl3,3.59569576972304
Py_TiZ_InCl3,3.59594977691288
i-PA_HY_TiBr3,3.59599312761142
PhA_i-BuA_MnBr3,3.59656328450903
PhA_MA_VBr3,3.59672864208958
DiEA_i-BuA_VI3,3.59692695911799
DiMA_IM_TiCl3,3.59703274612693
EA_IM_TiCl3,3.59703274612693
NH4_GUA_ZrCl3,3.59739478692359
GUA_TroP_InCl3,3.5979291633345
PhA_DiMA_TiCl3,3.59823850651171
TetraMA_i-PA_HfCl3,3.59828192199235
DiEA_Py_CrBr3,3.598609769506
DiEA_MA_TiI3,3.59903042493044
EA_PhA_MnBr3,3.59983240764092
TriMA_Cs_MnBr3,3.59989578221225
IM_Py_MgBr3,3.59990004234879
NH4_GUA_MnBr3,3.59992171613322
TriMA_TroP_MgBr3,3.60098289809228
FA_AA_InCl3,3.60117290297214
3-Py_DiEA_CdI3,3.6013011229147
PhA_Py_HgCl3,3.60139792239091
FM_DiMA_ZnI3,3.60140356890663
FM_EA_ZnI3,3.60140356890663
GUA_TroP_SrI3,3.60174664430559
HA_GUA_ZrCl3,3.60240039918161
IM_AA_MnBr3,3.60250835697829
IM_TiZ_BaBr3,3.60257039366993
PhA_Py_MgBr3,3.60269386936213
HY_AA_CdI3,3.60272381654113
EA_TroP_MnCl3,3.60287053802561
TetraMA_MA_ZrBr3,3.60312564542366
FM_AA_ZnI3,3.6032919966179
3-Py_HA_TiCl3,3.60335862112943
FM_DiEA_TiCl3,3.60389821945252
DiMA_Az_MnI3,3.60390329645065
EA_Az_MnI3,3.60390329645065
IM_TiZ_TiCl3,3.60393236232677
FA_GUA_GeBr3,3.60431612226959
HA_Py_InCl3,3.6045531506971
3-Py_TriMA_ZnI3,3.60513146094263
PhA_Az_CrBr3,3.60531849435604
FA_NH4_MnBr3,3.60533436776134
HY_PhA_MnBr3,3.60539508417185
DiEA_Py_NiCl3,3.60568609137598
DiEA_HY_GeBr3,3.60600709021174
TroP_MA_NiCl3,3.60680600457864
3-Py_HY_TiCl3,3.60684664907039
3-Py_i-PA_ZnI3,3.60727109553129
TetraMA_TroP_CrBr3,3.60739868242122
TroP_AA_NiCl3,3.60846807250282
FM_TetraMA_CdI3,3.60931953334214
EA_NH4_MnBr3,3.60934363241089
GUA_TroP_MgI3,3.60988701303074
FM_i-BuA_TiCl3,3.61030026861198
DiEA_i-BuA_TiI3,3.61082294552126
i-PA_TiZ_TiCl3,3.61110507546795
TetraMA_TroP_VBr3,3.61129344390785
TetraMA_Cs_MnI3,3.61167538656359
i-PA_AA_MnI3,3.61171412763435
DiEA_i-BuA_CrI3,3.61182532592246
Cs_IM_TiBr3,3.61193975679093
PhA_GUA_GeBr3,3.6119728393431
DiEA_GUA_CdBr3,3.61217670134082
DiEA_NH4_CdI3,3.61314906991856
TriMA_AA_CdI3,3.6133960241174
FM_TroP_SnCl3,3.61348003255435
TroP_Py_GeCl3,3.61429074927609
DiEA_Py_VBr3,3.61440274173628
PhA_AA_CrBr3,3.61445318627046
PhA_Az_MgI3,3.61469880510699
TriMA_i-BuA_PdCl3,3.614856947826
Cs_Py_ZnI3,3.61553687465097
PhA_MA_GeBr3,3.61556116964837
TetraMA_AA_MnI3,3.6156653894186
NH4_TiZ_MnBr3,3.61596176505098
FA_TetraMA_MnI3,3.61607159948026
TetraMA_TiZ_VBr3,3.61662474986411
TroP_Py_HgCl3,3.61687373757869
FA_GUA_TiBr3,3.61701842824011
AA_Py_TiCl3,3.61705436908799
TetraMA_Az_GeBr3,3.61720017011572
TriMA_AA_GeBr3,3.61735638383887
DiMA_GUA_TiBr3,3.61771283257247
HA_NH4_TiBr3,3.61774233431971
3-Py_IM_InCl3,3.61800273924497
FA_Az_InCl3,3.61821300928072
DiEA_Py_CoCl3,3.61829475702456
EA_GUA_TiBr3,3.61837599132873
FM_GUA_CdI3,3.61864887641396
3-Py_TroP_ZnBr3,3.61885332507839
DiEA_MA_ZrCl3,3.6195631875013
TriMA_Cs_CrBr3,3.61959869305124
TriMA_Az_ZnI3,3.61980445559916
3-Py_MA_MnBr3,3.61985845800311
PhA_TiZ_NiCl3,3.62050811866005
3-Py_MA_MnCl3,3.6206048479561
FM_TroP_BaCl3,3.62107740715157
DiEA_Az_HfCl3,3.62132706158324
Py_TiZ_TiCl3,3.62138268008581
TriMA_TroP_VBr3,3.6216091022403
FA_TiZ_InCl3,3.62247221997303
TriMA_AA_MnI3,3.62284368444642
TetraMA_NH4_TiBr3,3.62326623693189
NH4_Az_MnBr3,3.62337561941431
TriMA_TiZ_TiCl3,3.62423719301435
3-Py_PhA_CrBr3,3.62443713437935
i-PA_TroP_VBr3,3.62456756720728
GUA_TroP_CaI3,3.62476803779576
Cs_AA_SnCl3,3.62538710766534
GUA_MA_InCl3,3.62553161988042
HY_Py_MnBr3,3.62590108581078
TroP_Az_SnCl3,3.62627434580738
TriMA_HY_InCl3,3.62632085757866
PhA_MA_CrBr3,3.62636946203665
TroP_Py_BeI3,3.62644250560967
i-BuA_Az_CdBr3,3.62647721239844
TetraMA_TroP_BeBr3,3.62681331557212
AA_Az_ZnI3,3.6280212896696
PhA_TroP_BaI3,3.62821607478985
DiMA_TroP_HgCl3,3.62869881190977
EA_TroP_HgCl3,3.62869881190977
DiEA_DiMA_CrI3,3.62879788644555
DiEA_EA_CrI3,3.62879788644555
FM_FA_ZnI3,3.6288892294712
HA_AA_InCl3,3.62914559020872
GUA_TiZ_InCl3,3.62922554404526
NH4_TroP_ZnBr3,3.62994111808022
HY_TiZ_InCl3,3.63009204260894
HY_TroP_InCl3,3.63038062884251
3-Py_TiZ_InCl3,3.63093096414802
PhA_i-BuA_CrBr3,3.63131618284975
NH4_AA_MnBr3,3.63229692775758
FM_TroP_ZnBr3,3.63241698270076
NH4_TiZ_ZnI3,3.63250103297261
DiMA_Az_ZnI3,3.63341527039643
EA_Az_ZnI3,3.63341527039643
DiMA_MA_CdI3,3.63435586615111
Cs_AA_ZrCl3,3.63438527022513
DiMA_Az_TiCl3,3.63438816792316
HY_Py_InCl3,3.63440314576531
TriMA_Cs_VBr3,3.63481865491682
DiMA_i-BuA_VI3,3.6348840402451
EA_i-BuA_VI3,3.6348840402451
i-PA_AA_GeBr3,3.6349445416746
i-PA_AA_CdI3,3.63505275680773
Cs_PhA_TiCl3,3.63534797658494
3-Py_TiZ_MgI3,3.63578587026417
FA_TroP_TiCl3,3.63614929193003
HA_PhA_TiCl3,3.63643082033272
HA_TiZ_InCl3,3.63683960726616
NH4_AA_ZnI3,3.63763900904486
TriMA_TetraMA_CdBr3,3.63792520132751
DiEA_Az_VI3,3.63803685442025
FA_Cs_TiI3,3.63899688675178
FM_GUA_ZnI3,3.63919413444062
TroP_Py_BeBr3,3.63963826461538
DiEA_GUA_TiBr3,3.63966824111821
TroP_i-BuA_MnCl3,3.63982190277059
DiMA_AA_TiBr3,3.64023337315566
HA_AA_TiBr3,3.64032723234656
EA_Az_TiCl3,3.640378921346
EA_AA_TiBr3,3.64049149943078
DiEA_NH4_TiBr3,3.64074591260267
i-PA_Az_ZnI3,3.6414611882895
DiEA_EA_TiI3,3.6418651820165
FA_i-PA_ZnI3,3.64193451958481
AA_TiZ_InCl3,3.64209026261053
Cs_Az_VI3,3.64215276288697
NH4_HY_MnBr3,3.64223722836263
PhA_AA_VBr3,3.64241015001041
TetraMA_IM_MnBr3,3.6424784233361
NH4_MA_MnBr3,3.64304660390292
Cs_TiZ_HgCl3,3.64308614305112
TroP_IM_BeI3,3.64334294564698
FA_PhA_TiCl3,3.64368431570938
3-Py_PhA_VBr3,3.64469556531001
HA_TiZ_TiBr3,3.64485023868925
TetraMA_GUA_MnI3,3.64539452875637
3-Py_Cs_ZnBr3,3.64565164728115
FA_TiZ_TiBr3,3.64645258889183
DiEA_DiMA_TiI3,3.64662642847293
TetraMA_i-PA_CdBr3,3.64704371448144
PhA_GUA_CrBr3,3.64723991982063
HA_TetraMA_InCl3,3.6473773991444
TetraMA_TroP_SnCl3,3.64750697341368
NH4_PhA_VBr3,3.64802468696263
DiEA_TriMA_HfCl3,3.64819704255376
EA_Cs_ZnI3,3.64821685305269
HY_AA_InCl3,3.64849381702678
NH4_Az_ZnI3,3.64886973510144
TroP_Az_CrBr3,3.64896509474816
DiMA_MA_MnBr3,3.64963873781832
EA_MA_MnBr3,3.64963873781832
DiEA_i-PA_HfCl3,3.64964229609773
NH4_IM_ZnI3,3.65044896450705
TriMA_NH4_MnBr3,3.6506434560537
TroP_IM_MgCl3,3.65070792675182
PhA_TroP_BaBr3,3.65150910862195
FA_PhA_VBr3,3.65197393665163
DiMA_AA_ZnI3,3.65207633899082
EA_AA_ZnI3,3.65207633899082
3-Py_i-BuA_PdCl3,3.65316356806785
DiMA_MA_ZnI3,3.65354945213822
EA_MA_ZnI3,3.65354945213822
TetraMA_Az_TiI3,3.65378590908745
PhA_TroP_SrBr3,3.65433365839197
FA_IM_InCl3,3.65453711912293
FA_NH4_ZnI3,3.65480726205262
TriMA_Cs_ZnI3,3.65507755232075
FM_DiMA_MnCl3,3.65518977162965
FM_EA_MnCl3,3.65518977162965
AA_Az_CdI3,3.65535500017323
HA_MA_ZnI3,3.65672484806089
Cs_Az_MnBr3,3.65677682596029
TetraMA_GUA_CdI3,3.65689811550897
DiEA_MA_HfCl3,3.65741292434216
PhA_Az_CoCl3,3.65754746614265
GUA_TiZ_TiBr3,3.65774976561519
Cs_MA_ZnI3,3.65796633934837
FA_TriMA_ZnI3,3.65803336784479
NH4_PhA_CrBr3,3.65827461702665
NH4_Az_TiCl3,3.65846453997731
TroP_Py_SnCl3,3.65857059246739
HA_TetraMA_MnI3,3.65865068027636
PhA_Az_FeCl3,3.65892919161996
NH4_PhA_GeBr3,3.6594286419408
i-BuA_MA_ZrCl3,3.65993731187445
DiMA_TroP_PbCl3,3.66020487689045
PhA_Az_CaI3,3.66058218870358
GUA_AA_InCl3,3.6606285346535
FA_AA_TiBr3,3.66073104440439
HA_Py_MnBr3,3.66134526030146
EA_TroP_PbCl3,3.66151835235588
FA_Cs_ZnI3,3.66187009975824
TetraMA_HY_MnI3,3.66200329096695
FM_FA_MgI3,3.66216830914902
GUA_Az_InCl3,3.66249836038408
PhA_TroP_VCl3,3.66255589539405
DiEA_TiZ_MnCl3,3.66267905309917
TroP_i-BuA_BeI3,3.66274655667381
AA_TiZ_MnBr3,3.66278252924521
FM_AA_MnCl3,3.66311480209026
HY_Py_TiCl3,3.66344101235874
DiMA_TiZ_InCl3,3.66367909151182
DiEA_PhA_CdI3,3.66397396171917
TroP_IM_CaBr3,3.66424417185158
Cs_HY_GeCl3,3.66426516740178
EA_TiZ_InCl3,3.66434225026808
NH4_IM_MnBr3,3.66467169991375
3-Py_DiMA_MnBr3,3.6650160414014
3-Py_EA_MnBr3,3.66567920015765
DiMA_GUA_InCl3,3.66818907942093
FM_PhA_CrBr3,3.66823456850181
IM_i-BuA_CdI3,3.66839306215359
i-PA_DiMA_ZrBr3,3.66857793750595
GUA_IM_InCl3,3.66863860427943
Cs_i-PA_SnCl3,3.66907711561662
HY_DiMA_MnBr3,3.66950529624076
TroP_AA_FeCl3,3.67002485109715
DiMA_AA_InCl3,3.67005890515152
PhA_TroP_BeBr3,3.67022851325451
Cs_Az_SnCl3,3.67035758830494
i-PA_i-BuA_ZrBr3,3.67095466996118
FA_HY_MnBr3,3.67117871596282
TetraMA_TroP_ZnBr3,3.67291547186224
FA_IM_PbCl3,3.67319879963062
TroP_MA_CaI3,3.67342532749821
HY_PhA_TiCl3,3.67394308171593
PhA_i-BuA_MnCl3,3.67459528739621
TriMA_DiMA_ZrBr3,3.67499669422135
FM_MA_MnCl3,3.67600286423891
TetraMA_MA_HfCl3,3.67601489164303
FA_Py_InCl3,3.67650113398624
3-Py_AA_InCl3,3.67676313128595
HY_MA_ZrCl3,3.67676959293402
FM_TriMA_CrBr3,3.67685147672636
TriMA_i-BuA_ZrBr3,3.67729174498998
NH4_MA_ZnI3,3.6775772967706
TroP_i-BuA_BaI3,3.67764162704252
i-PA_HY_InCl3,3.67781314930296
3-Py_FA_InCl3,3.67807542446225
TroP_Py_ZnBr3,3.67830866532481
DiMA_Az_InCl3,3.67848643160758
DiEA_TroP_BeBr3,3.67881544613853
FM_TetraMA_VBr3,3.67889890538107
TetraMA_NH4_TiCl3,3.67904293619028
TetraMA_Py_TiCl3,3.67961440760035
Cs_DiMA_ZnI3,3.68003735058654
NH4_Py_MnCl3,3.6801275458729
EA_GUA_InCl3,3.68020596461584
HY_GUA_TiBr3,3.68033235146003
DiEA_EA_GeBr3,3.68045935742366
TroP_Az_VBr3,3.68055554979949
DiMA_Py_InCl3,3.68139508116204
EA_Py_InCl3,3.68205823991829
EA_AA_InCl3,3.68207579034643
3-Py_FM_PbCl3,3.68244262796736
TroP_AA_MgI3,3.68278838706923
i-BuA_MA_ZrBr3,3.68288722936058
HA_MA_MnBr3,3.682930272658
TroP_AA_CoCl3,3.6830353112714
Cs_TroP_GaCl3,3.68309602334379
i-BuA_Py_CrBr3,3.68311700217411
FM_MA_MgI3,3.68313681679106
i-BuA_Az_ZrCl3,3.68358965887677
Cs_IM_ZnI3,3.68365083086296
FM_Py_InCl3,3.6837211794001
AA_TiZ_MgI3,3.68376213191662
Cs_TiZ_VCl3,3.68428082015904
IM_TiZ_InCl3,3.68477846967169
Cs_Py_ZnBr3,3.68493317580755
TetraMA_GUA_TiBr3,3.68507664043529
EA_TriMA_ZrBr3,3.68568745108429
Cs_i-BuA_TiBr3,3.68580332148391
PhA_DiMA_CoCl3,3.68600792386878
TroP_TiZ_CrCl3,3.68640933692598
TetraMA_TroP_BaI3,3.68658148624285
3-Py_DiEA_PdCl3,3.68674851523222
EA_i-PA_ZrBr3,3.68713270462826
EA_MA_CdI3,3.68738009375847
FM_TriMA_VBr3,3.6875060039836
FA_TriMA_InCl3,3.68774308705961
DiMA_GUA_ZnI3,3.68823176719486
EA_GUA_ZnI3,3.68823176719486
GUA_i-BuA_MnI3,3.68846968990534
PhA_IM_MgBr3,3.68901984716778
GUA_TroP_TiCl3,3.6890777266563
FA_i-PA_InCl3,3.68918834060359
FA_GUA_ZnI3,3.68920792146166
TetraMA_TiZ_InCl3,3.68922600005589
3-Py_HA_MnBr3,3.68942119657858
3-Py_NH4_MnCl3,3.68951589196759
HA_TetraMA_TiBr3,3.68981483290029
HA_HY_MnBr3,3.69001113642935
DiEA_DiMA_GeBr3,3.69024238947471
FM_PhA_InCl3,3.69046359443503
EA_Az_InCl3,3.69050331680248
TriMA_Cs_ZnBr3,3.69055812726184
3-Py_GUA_InCl3,3.69092501796571
TetraMA_GUA_TiCl3,3.69130635365081
DiEA_TriMA_VI3,3.69162042509499
FM_NH4_ZnI3,3.69164026974844
DiEA_TetraMA_TiI3,3.69185395803696
EA_HY_MnBr3,3.69237727999476
FM_i-PA_CrBr3,3.69249856341653
TetraMA_AA_GeBr3,3.69256997756685
DiEA_TroP_CaBr3,3.69303675590995
HA_TroP_VBr3,3.69333910614874
HA_GUA_CdI3,3.69340235792044
FA_PhA_CrBr3,3.69370997150552
FA_HY_ZrCl3,3.69386777310824
FM_GUA_MnCl3,3.69443359988068
TriMA_MA_ZnI3,3.69507481551911
3-Py_DiEA_ZrCl3,3.69514963990428
FA_TriMA_CdI3,3.69541432545653
i-BuA_Py_CoCl3,3.69576054280034
FA_i-PA_CdI3,3.6968595790005
DiMA_AA_CdI3,3.6975651180497
i-BuA_MA_HfCl3,3.69778704871531
GUA_AA_TiBr3,3.6987157917178
FM_FA_MnCl3,3.69893051044047
Az_MA_TiCl3,3.6996198212265
FM_TiZ_InCl3,3.70018935406778
TriMA_GUA_ZnI3,3.70024703930587
IM_Az_InCl3,3.70045016429
Cs_TiZ_ZnBr3,3.70072489937092
3-Py_PhA_MnBr3,3.70100941802406
i-PA_DiMA_HfCl3,3.70132823834663
DiEA_TetraMA_MnI3,3.70193872335115
IM_MA_TiCl3,3.70209333105319
FM_TroP_BeI3,3.70219030788111
FM_i-PA_VBr3,3.70315309067378
3-Py_HY_MnBr3,3.70326830312438
AA_Py_InCl3,3.70411681213813
FM_Az_MgI3,3.70422545294547
Cs_i-BuA_TiI3,3.70434223411176
Cs_i-PA_ZnI3,3.7049463397036
i-BuA_Py_MnCl3,3.70495902555495
FM_HA_MgI3,3.70503798737889
DiMA_i-BuA_TiI3,3.70553896170683
EA_i-BuA_TiI3,3.70553896170683
EA_AA_CdI3,3.70652160084081
FM_DiMA_MgI3,3.70668419759713
Az_MA_MnBr3,3.70669783982676
FA_i-BuA_TiBr3,3.70749868640345
TetraMA_HY_TiBr3,3.70766205643378
TriMA_DiMA_HfCl3,3.70774699506203
TriMA_MA_TiBr3,3.70822953395846
Cs_TiZ_CrCl3,3.7083032568018
PhA_GUA_MnCl3,3.70847039865347
TroP_TiZ_BeI3,3.70968925367199
FM_Cs_MnI3,3.71001274326452
3-Py_MA_PbCl3,3.71012360657795
TriMA_TiZ_InCl3,3.71027109066066
Cs_TroP_BaCl3,3.71033777825866
DiEA_GUA_GeBr3,3.71132679207769
PhA_DiMA_MnCl3,3.71134735999802
DiEA_i-PA_VI3,3.71163102893187
Az_TiZ_InCl3,3.71171838034474
TriMA_IM_InCl3,3.71172314452273
PhA_MA_MgI3,3.71177667590135
IM_AA_InCl3,3.71242089437019
DiMA_i-BuA_CrI3,3.71272977653012
EA_i-BuA_CrI3,3.71272977653012
Cs_AA_ZnI3,3.71274307052906
GUA_Py_InCl3,3.71316560812966
DiEA_Cs_TiBr3,3.71340446105808
TriMA_HY_ZnI3,3.71350321379707
TetraMA_AA_ZnI3,3.71384290296539
DiMA_IM_InCl3,3.71394273464378
EA_IM_InCl3,3.71394273464378
TriMA_TetraMA_TiI3,3.71433128909751
DiEA_TetraMA_VI3,3.71513578364129
TroP_Py_PbCl3,3.71516029896701
DiEA_i-BuA_PdCl3,3.7153598892751
Cs_Py_SnCl3,3.71536648525871
PhA_i-BuA_CdI3,3.71538113909697
NH4_TiZ_MgI3,3.71572207850948
NH4_PhA_MnCl3,3.71575137361627
TetraMA_Az_VI3,3.71582735439909
i-BuA_AA_CdI3,3.71583751763227
Cs_GUA_SnCl3,3.71644727484762
DiMA_TroP_SnCl3,3.71650626167376
MA_TiZ_MnBr3,3.71669116815299
i-PA_MA_ZnI3,3.71673154820944
EA_TroP_SnCl3,3.71747097798931
i-PA_MA_TiBr3,3.71784351003399
FM_TroP_BeBr3,3.71875945014299
i-PA_HY_CdI3,3.71882812023146
DiEA_FA_GeBr3,3.7192988573442
FM_TiZ_CrBr3,3.71943381007146
FM_TiZ_VBr3,3.72021327483732
EA_HA_ZrCl3,3.72026012544963
FA_GUA_InCl3,3.72031585192176
EA_TriMA_HfCl3,3.72103557066033
TroP_MA_CrBr3,3.72203417865817
i-BuA_Az_GeBr3,3.72240060712726
FA_i-BuA_CdI3,3.72240815643419
EA_i-PA_HfCl3,3.72248082420431
DiEA_TriMA_MnI3,3.72285886898031
HA_NH4_PbCl3,3.72333814280062
TetraMA_i-PA_TiI3,3.72384202033581
DiEA_AA_CdI3,3.72407145610628
DiEA_i-PA_MnI3,3.72430412252428
FM_Cs_VI3,3.72467354117068
HA_TetraMA_CdI3,3.72481112312311
DiEA_Az_CrI3,3.72498511520788
DiEA_NH4_MnCl3,3.72509743340459
NH4_TroP_CrCl3,3.72523967626232
Az_Py_InCl3,3.72530686664161
FA_MA_MnBr3,3.72544681170574
HA_NH4_MnBr3,3.72562819938487
FA_TroP_CoCl3,3.72590271492643
HA_TriMA_ZnI3,3.72616456738835
Cs_GUA_VI3,3.72628397878829
TetraMA_Cs_MnBr3,3.72681878930352
FM_PhA_MnCl3,3.72701606716489
FM_TetraMA_ZnI3,3.72736868525559
HA_i-PA_ZnI3,3.72760982093232
EA_HY_ZnI3,3.72799719047016
i-BuA_Py_FeCl3,3.72822481748582
i-PA_TiZ_InCl3,3.72863933190115
DiEA_Az_CdBr3,3.73013482138916
PhA_TiZ_FeCl3,3.73016534335334
HA_TetraMA_TiCl3,3.73017372920095
i-PA_IM_InCl3,3.73078998066858
HA_DiMA_MnBr3,3.73085789430943
i-PA_GUA_ZnI3,3.73103099776492
FM_TroP_FeCl3,3.73117983792275
i-BuA_Az_TiI3,3.73145644384549
DiEA_TriMA_CrI3,3.73186700714946
IM_MA_MnBr3,3.73188935043509
FA_Az_TiCl3,3.73221720470501
FM_TroP_CrCl3,3.73315841728531
FM_HY_TiCl3,3.73369908988151
TroP_MA_VBr3,3.73420196957721
TriMA_MA_TiCl3,3.73430479580467
EA_Cs_SnCl3,3.7348343180181
TetraMA_PhA_TiBr3,3.73501676968067
i-PA_HY_ZnI3,3.73515994648741
FA_Cs_VI3,3.73535350714515
Cs_DiMA_TiI3,3.73553696412176
3-Py_Az_CrBr3,3.73559929884595
HY_TiZ_MnBr3,3.73675955830834
Cs_MA_MnI3,3.73691673046557
DiEA_PhA_CoCl3,3.73715088067747
3-Py_Py_SnCl3,3.73762220941115
NH4_IM_MgI3,3.73796901642885
TetraMA_Py_NiCl3,3.73847171417939
EA_DiMA_ZnI3,3.73855433688561
PhA_i-BuA_CoCl3,3.73859475530413
TetraMA_TroP_BaBr3,3.73893692275968
HA_IM_MgI3,3.73901460613647
FA_HA_TiBr3,3.73951103640614
Cs_i-PA_ZnBr3,3.73985734380102
DiEA_IM_VBr3,3.73991947774104
i-PA_Py_TiCl3,3.74002338717739
DiEA_Az_MnI3,3.74004502956597
3-Py_TetraMA_TiCl3,3.74032062785861
TroP_MA_SnCl3,3.74038803166056
HY_PhA_MgI3,3.74087302554545
3-Py_GUA_PbCl3,3.74096598978313
DiEA_TroP_CaCl3,3.74117413619789
DiEA_Py_GeBr3,3.74121561769786
FA_TroP_CrBr3,3.74135857920342
Cs_TroP_SnCl3,3.74207685407014
TroP_IM_PbCl3,3.74221402685895
MA_TiZ_TiCl3,3.74224448121725
3-Py_Py_NiCl3,3.74289679320315
Cs_i-BuA_MnI3,3.74360827733774
TriMA_HY_CdI3,3.74363125079364
EA_HA_MnBr3,3.74422050947002
HA_TriMA_CdI3,3.74424571648321
i-BuA_Az_HfCl3,3.74433780535332
TetraMA_Cs_SnCl3,3.74458471389171
HA_Py_TiCl3,3.74495552262298
FM_i-BuA_MnBr3,3.7452985557714
HA_i-PA_CdI3,3.74569097002718
FA_TetraMA_ZnI3,3.74576424066
DiEA_i-PA_CrI3,3.74592402670924
3-Py_DiEA_ZnI3,3.74619875542649
PhA_IM_CoCl3,3.74724392006015
3-Py_TroP_GeCl3,3.74737777527213
3-Py_i-BuA_ZnI3,3.74796410096858
FM_TriMA_MnCl3,3.74799158328744
TriMA_GUA_CdI3,3.74828524898844
TriMA_TroP_SnCl3,3.7483631181011
NH4_TroP_VCl3,3.74865305936202
FM_TriMA_PbCl3,3.74865735471237
3-Py_PhA_GaCl3,3.7497462405196
DiEA_Cs_PbCl3,3.7498856215662
FM_i-PA_PbCl3,3.75010260825634
GUA_Az_MnBr3,3.75017459137769
DiEA_TetraMA_CrI3,3.75029725417571
FM_IM_PbCl3,3.75031805353236
3-Py_DiMA_InCl3,3.75057434070697
3-Py_EA_InCl3,3.75057434070697
IM_TiZ_BaI3,3.7514861421765
TriMA_AA_ZnI3,3.75150400031526
DiEA_PhA_CrCl3,3.75237847243963
HY_DiMA_ZnI3,3.75248530925787
FM_TetraMA_MnCl3,3.75253584930714
IM_TiZ_SrI3,3.75380911225399
FM_i-BuA_ZnI3,3.75424324290369
FM_Py_PbCl3,3.75492346679717
PhA_TroP_HgCl3,3.75537039737693
HY_Az_TiCl3,3.75565346125189
DiEA_TriMA_GeBr3,3.75680284214035
HA_TriMA_MnBr3,3.757630060065
NH4_MA_PbCl3,3.75801664850945
NH4_i-BuA_TiBr3,3.75804281215205
HA_Cs_SnCl3,3.75898575286072
HA_i-PA_MnBr3,3.75907531360898
TriMA_Py_TiCl3,3.759377463626
TetraMA_GUA_ZnI3,3.76010524288343
TroP_AA_CaI3,3.76014042304116
i-BuA_MA_TiI3,3.76019037109814
DiEA_TiZ_GeBr3,3.76062860888653
HY_IM_MnBr3,3.76079098871856
FM_TriMA_ZnI3,3.76132704185869
TetraMA_Cs_CdI3,3.76150852336991
HA_i-BuA_GeBr3,3.76151149532929
TetraMA_HY_CdI3,3.76221073836576
Cs_TiZ_SnCl3,3.76251826592216
NH4_TiZ_PbCl3,3.76275527180215
FM_i-PA_ZnI3,3.76277229540267
HA_TroP_BaCl3,3.76288997556729
Py_TiZ_PbCl3,3.76306745413509
NH4_PhA_MgI3,3.76353001965701
DiEA_IM_ZnI3,3.76358045784903
FM_i-PA_MnCl3,3.76363866997762
HA_GUA_TiBr3,3.76366453789457
DiMA_GUA_CdI3,3.76401618070576
EA_GUA_CdI3,3.76401618070576
IM_i-BuA_TiCl3,3.76459989261441
FM_PhA_VBr3,3.76518044573974
i-BuA_MA_CrI3,3.76544113309967
AA_Az_InCl3,3.76554411980702
FM_TriMA_InCl3,3.76571767438006
GUA_i-BuA_PdCl3,3.76582322489928
PhA_TroP_GaCl3,3.76590624653296
HA_IM_MnBr3,3.76599671339609
TroP_Py_SrI3,3.76706344302946
FM_i-PA_InCl3,3.76716292792403
FM_NH4_TiCl3,3.76742376365285
i-BuA_TiZ_VCl3,3.76751836717178
FA_PhA_GeBr3,3.76764760551192
i-PA_HY_MnBr3,3.76766571712378
TroP_Az_CaCl3,3.76795646301996
3-Py_TiZ_CaI3,3.76972478669466
i-PA_GUA_CdI3,3.76994198167878
3-Py_Cs_SnCl3,3.77019229875203
FM_DiEA_ZnI3,3.77048123302831
TriMA_HY_MnBr3,3.77105991703108
FA_HY_ZnI3,3.77112843353642
DiEA_i-BuA_MnI3,3.77127251285042
3-Py_HA_PbCl3,3.77260577225591
i-PA_MA_TiCl3,3.7726850110082
Cs_TiZ_MnBr3,3.77273202100225
EA_Cs_TiI3,3.77311024287804
HY_TiZ_MgI3,3.77319802835524
i-PA_i-BuA_TiI3,3.77352744616166
NH4_TroP_SnCl3,3.77376278697517
AA_Az_MnBr3,3.77411773994907
3-Py_GUA_VBr3,3.77530313498497
DiEA_TetraMA_TiBr3,3.77619190555469
i-BuA_MA_VI3,3.7763994148528
3-Py_FA_MnCl3,3.77655520230414
DiEA_PhA_MnCl3,3.77656277512469
MA_TiZ_PbCl3,3.77675337951819
NH4_PhA_FeCl3,3.7773048103301
PhA_AA_MgI3,3.7774112924362
TriMA_i-BuA_TiI3,3.77771591132676
Cs_NH4_GeCl3,3.77773666686171
GUA_TroP_CoCl3,3.77822653786848
HA_TroP_CoCl3,3.77869573595896
i-BuA_Py_VBr3,3.77942184224124
FA_IM_MnBr3,3.77948716749608
Py_TiZ_BaCl3,3.77978429008131
FM_Az_CrBr3,3.78008131916426
i-PA_TroP_SnCl3,3.78017597879581
AA_MA_TiCl3,3.78029005715799
3-Py_NH4_PbCl3,3.78030156548254
3-Py_NH4_VBr3,3.78050653913141
HY_GUA_ZnI3,3.78101752962888
TriMA_NH4_PbCl3,3.78121394833588
FM_TetraMA_CrBr3,3.78227976330964
3-Py_DiEA_TiBr3,3.78235199933821
GUA_i-BuA_CdI3,3.7829467371225
DiEA_NH4_ZnI3,3.78329946971594
FA_Az_MnBr3,3.78367633748696
DiEA_i-PA_GeBr3,3.78377543990932
3-Py_FA_PbCl3,3.78381650018795
HA_HY_ZrCl3,3.78468450132509
DiEA_DiMA_CdBr3,3.78602610541042
DiEA_EA_CdBr3,3.78602610541042
DiEA_MA_TiBr3,3.78625110596338
HA_TiZ_MnBr3,3.78750243444653
HY_MA_PbCl3,3.7878371468559
i-PA_AA_ZnI3,3.78847898144871
TroP_AA_CrBr3,3.78876251755302
TriMA_Cs_SnCl3,3.78878423531871
FM_Cs_CrI3,3.78936257458039
TriMA_TetraMA_GeBr3,3.79013192374987
IM_i-BuA_CdBr3,3.79020185751425
EA_Cs_CrI3,3.79056686261574
FM_IM_CrBr3,3.79076345595907
DiEA_TetraMA_ZrCl3,3.79187860801803
NH4_HY_PbCl3,3.7925703298623
TetraMA_PhA_ZnI3,3.7926086757046
i-BuA_Az_VI3,3.79279515054829
TroP_IM_CrCl3,3.79285574403587
TetraMA_i-PA_GeBr3,3.7933002754428
TriMA_i-PA_VI3,3.79359614880556
FM_AA_MgI3,3.7937106617174
Cs_TiZ_MnCl3,3.79380554365152
FM_PhA_BaI3,3.79387046678623
DiEA_IM_MnCl3,3.7945444799384
DiEA_TetraMA_HfCl3,3.79462974382373
DiEA_TiZ_CrBr3,3.79483653492927
PhA_TiZ_BeBr3,3.79494332821554
FA_HA_ZnI3,3.79500727939406
HA_PhA_GeBr3,3.79509872252764
PhA_i-BuA_CrCl3,3.79523013386807
PhA_Py_CrCl3,3.7952340795748
i-BuA_TiZ_FeCl3,3.79571189863175
FM_DiEA_MnBr3,3.79594964928876
HA_MA_PbCl3,3.79641190447845
Cs_IM_MgI3,3.7970307283765
TetraMA_Az_CrI3,3.79711445541307
FM_HY_MgI3,3.79825237970278
i-BuA_AA_GeBr3,3.79854014461163
NH4_Py_VBr3,3.79858167404854
Az_MA_PbCl3,3.79859312104955
HA_GUA_ZnI3,3.79875451224916
FM_IM_VBr3,3.79883384665439
TetraMA_Py_CoCl3,3.79892402193333
FA_TiZ_PbCl3,3.79911285786027
FM_HY_ZnI3,3.79912375804772
DiEA_Cs_TiI3,3.7994424717881
DiEA_AA_GeBr3,3.79948833994545
3-Py_i-BuA_TiBr3,3.80004577319763
Cs_TroP_CrCl3,3.80024773839419
DiEA_IM_CrBr3,3.80039089849829
HA_TiZ_PbCl3,3.80047066632117
Cs_TroP_VCl3,3.80120340884763
3-Py_MA_VBr3,3.8014683399604
3-Py_IM_MnCl3,3.80177159292731
3-Py_PhA_MnCl3,3.80187451448743
PhA_TroP_InCl3,3.80205188395556
FM_Py_VBr3,3.80213738588731
PhA_IM_InCl3,3.80228420150986
TroP_TiZ_MgCl3,3.8024758699807
FA_AA_MnBr3,3.8030137092688
EA_TetraMA_VI3,3.80346446056181
FM_IM_BaI3,3.8034875636413
DiEA_AA_MnBr3,3.80361593977462
TetraMA_DiMA_VI3,3.80375353891036
DiEA_Az_GeBr3,3.80391630488889
HY_DiMA_CdI3,3.80392198788781
FA_IM_MgI3,3.80411603758061
FM_i-BuA_CdI3,3.80439731560603
HA_i-PA_PbCl3,3.80481110596527
FM_TiZ_BaI3,3.80544489237757
NH4_TiZ_TiCl3,3.80574755923298
HA_Az_MnBr3,3.80582112785293
DiMA_i-BuA_CdBr3,3.80610935945017
EA_i-BuA_CdBr3,3.80610935945017
PhA_IM_FeCl3,3.80613442492446
FM_HA_ZnI3,3.80655400261928
FM_DiEA_CdI3,3.80701024797726
HY_GUA_MnBr3,3.80750595498377
TetraMA_MA_CrI3,3.80761653049059
TroP_i-BuA_InCl3,3.80789470918215
3-Py_Az_InCl3,3.80877078785218
HY_TroP_MnCl3,3.80887333612075
NH4_GUA_ZnI3,3.80907265447094
PhA_TiZ_BeI3,3.80997641434903
FA_PhA_MnCl3,3.81001764158563
FM_Az_VBr3,3.81044086394408
Cs_GUA_ZnI3,3.81054968688345
FA_TiZ_MnBr3,3.81064595730588
IM_i-BuA_ZnI3,3.81068709235021
TriMA_NH4_ZnI3,3.81133894388624
PhA_DiMA_FeCl3,3.81169012732438
HA_AA_MnBr3,3.81192729441989
PhA_DiMA_MgBr3,3.81231894440673
Cs_IM_SnCl3,3.81242778116761
PhA_TiZ_BaCl3,3.81279974834088
Az_Py_VBr3,3.81329691259696
FA_Az_PbCl3,3.81416452638817
Cs_Az_ZnBr3,3.81437983559813
PhA_Py_ZnBr3,3.81453973379898
3-Py_Cs_TiCl3,3.81478830134707
FA_MA_PbCl3,3.81489798267703
NH4_i-PA_TiCl3,3.81507318270952
IM_Py_BaCl3,3.8151422952995
PhA_TiZ_SrBr3,3.81525173496448
TroP_Az_BeI3,3.81525653693675
PhA_DiMA_MgI3,3.81532951289481
PhA_TroP_ZnBr3,3.81653897238532
GUA_TroP_SrBr3,3.81698291659763
HY_TroP_PbCl3,3.81723926398541
HY_i-BuA_GeBr3,3.81737614209786
IM_Py_SnCl3,3.81772094372128
TetraMA_MA_VI3,3.81857481224372
HA_TiZ_CaI3,3.81891790478014
TetraMA_MA_TiI3,3.81948629306844
NH4_TroP_CaI3,3.8198757430555
TetraMA_PhA_FeCl3,3.81995629050353
FM_Py_CrBr3,3.82037363810639
Cs_i-BuA_CdI3,3.82039907060896
3-Py_AA_MnCl3,3.82098549575569
Cs_DiMA_CrI3,3.82101657899816
GUA_Az_TiCl3,3.82128499678736
FM_GUA_MgI3,3.82167733560221
NH4_DiMA_TiCl3,3.82236849364938
TroP_Az_PbCl3,3.82240381940154
HA_TroP_MgBr3,3.82250116646454
PhA_i-BuA_ZnI3,3.82255788046799
NH4_AA_TiCl3,3.82271367237012
3-Py_IM_VBr3,3.823642652549
HY_PhA_GeBr3,3.82407658484216
Cs_MA_TiI3,3.82422085632856
DiEA_Az_TiBr3,3.82422655285706
HA_TriMA_PbCl3,3.82448077365743
TroP_AA_PbCl3,3.82483027283337
FM_EA_PbCl3,3.82514588566348
3-Py_HY_PbCl3,3.82523925672066
HA_i-BuA_CdI3,3.82530648192711
TetraMA_NH4_ZnI3,3.82562697595259
3-Py_Py_CoCl3,3.82585917243292
TroP_Py_CrCl3,3.82616524788276
3-Py_FM_VBr3,3.82623760039361
NH4_IM_TiCl3,3.82706497986566
HA_IM_PbCl3,3.82792337856131
3-Py_TiZ_MnCl3,3.82812779972086
3-Py_TriMA_TiCl3,3.82853233006891
DiEA_PhA_VCl3,3.82854224172233
3-Py_DiMA_VBr3,3.82864439633908
3-Py_EA_VBr3,3.82864439633908
TetraMA_NH4_PbCl3,3.82865818643317
FA_TetraMA_InCl3,3.82881688850057
NH4_MA_ZrCl3,3.82940158832367
TroP_MA_MnCl3,3.82983576119496
Cs_Az_VBr3,3.8298758779401
TetraMA_TroP_CaBr3,3.83023318038158
NH4_Az_VBr3,3.8306436233376
TetraMA_HY_ZnI3,3.83144183939913
NH4_Az_CrBr3,3.83145784095356
IM_TiZ_SnCl3,3.83171148900048
Cs_i-BuA_ZnI3,3.83173774444261
GUA_IM_MgI3,3.83176132179006
TetraMA_PhA_CoCl3,3.83181749841348
DiEA_MA_MnI3,3.83201432734641
TetraMA_IM_InCl3,3.83205949450163
Py_MA_PbCl3,3.83238695075003
Py_MA_MnCl3,3.83265105149073
Cs_GUA_TiBr3,3.83332025553443
DiEA_Cs_MnI3,3.83345982764822
FA_IM_SnCl3,3.83358841825329
EA_PhA_NiCl3,3.83365896394469
TroP_MA_MgBr3,3.83373920823763
FM_AA_PbCl3,3.83379206782241
GUA_TroP_MnCl3,3.83388954531959
NH4_i-PA_PbCl3,3.83401572731258
PhA_DiMA_CrBr3,3.83414934661559
3-Py_PhA_MgI3,3.83425745195312
DiMA_i-BuA_GeBr3,3.83460038843425
Py_TiZ_VBr3,3.83462349576507
HY_AA_MnBr3,3.83497674510104
DiEA_i-BuA_TiBr3,3.83507956496887
TetraMA_i-BuA_PdCl3,3.83525029932987
GUA_MA_MnBr3,3.83533913135756
TroP_AA_VBr3,3.8355042262493
Py_TiZ_SnCl3,3.83691238931147
DiMA_Py_MnCl3,3.83705813407075
NH4_i-BuA_ZnI3,3.83712216837029
TroP_AA_MnCl3,3.83718025010782
3-Py_TriMA_InCl3,3.83726662647984
TetraMA_Cs_CrI3,3.83736199571674
i-BuA_AA_ZnI3,3.83759414222975
TroP_i-BuA_CaBr3,3.83765201410637
DiEA_FA_VBr3,3.83769195707107
Py_TiZ_SrI3,3.83784523165064
FM_PhA_FeCl3,3.83804380243028
3-Py_TetraMA_InCl3,3.8384025058728
EA_PhA_CoCl3,3.83844932707378
3-Py_i-PA_InCl3,3.83871188002382
Cs_AA_TiI3,3.83890233461417
TetraMA_Cs_VI3,3.83941314263798
NH4_DiMA_ZnI3,3.83964967313959
3-Py_TiZ_SnCl3,3.83975242422882
DiEA_TroP_CrCl3,3.84037500179599
PhA_Az_NiCl3,3.84097422505902
HA_GUA_InCl3,3.84106584362459
IM_Py_SrI3,3.84119082469311
TroP_i-BuA_GaCl3,3.84157477274683
TroP_i-BuA_CrBr3,3.84177284080867
Py_TiZ_NiCl3,3.84212053651534
PhA_TroP_CaBr3,3.84289215796864
NH4_TroP_PbCl3,3.84301561569279
3-Py_TetraMA_CoCl3,3.84385928160245
DiEA_FA_MnBr3,3.84409700464544
Az_Py_CrBr3,3.84411780858876
TetraMA_GUA_InCl3,3.84414572722062
IM_Py_VBr3,3.84415429831108
3-Py_FM_CrBr3,3.8444738526127
FM_MA_VBr3,3.84477697655218
EA_Cs_ZnBr3,3.84526038047849
HA_TroP_PbCl3,3.8453224330888
HY_IM_PbCl3,3.84566467877458
GUA_IM_MnBr3,3.84573653842109
DiEA_Cs_MnBr3,3.84580655746037
TroP_MA_HgCl3,3.84632534778751
TriMA_GUA_InCl3,3.84652041595029
TriMA_HY_PbCl3,3.84668863841886
NH4_AA_PbCl3,3.84690328459208
HY_DiMA_PbCl3,3.84739639153728
Az_MA_MnCl3,3.84803254571943
Py_TiZ_CrBr3,3.84825395934781
TetraMA_TroP_PbCl3,3.84839114862404
3-Py_Py_CrBr3,3.84895529856371
3-Py_Py_VBr3,3.84895529856371
PhA_IM_SrI3,3.84895876546899
FM_PhA_SrI3,3.84903257840285
i-BuA_TiZ_CrBr3,3.84904224080153
DiMA_MA_PbCl3,3.84904542011855
EA_MA_PbCl3,3.84904542011855
3-Py_TiZ_MgBr3,3.84940811116608
DiEA_DiMA_TiBr3,3.84975494770851
DiEA_EA_TiBr3,3.84975494770851
HY_i-BuA_CdI3,3.8498630340876
i-BuA_MA_TiBr3,3.85008384011623
GUA_MA_PbCl3,3.85010425373295
HA_TetraMA_ZnI3,3.85036494230049
EA_i-PA_CrI3,3.85051233743743
FM_GUA_PbCl3,3.85073433660956
FA_PhA_FeCl3,3.85081304125556
EA_TetraMA_TiI3,3.85107220917836
FM_GUA_CrBr3,3.8512981855774
TetraMA_DiMA_TiI3,3.85136128752691
Cs_AA_CrI3,3.85144779361728
Cs_i-BuA_CrI3,3.85196141052886
TriMA_AA_InCl3,3.85241085621292
DiEA_AA_VCl3,3.85242660163117
HA_TroP_SnCl3,3.85285570581815
DiEA_TroP_VCl3,3.85294866845654
HA_NH4_ZrCl3,3.85313527247019
FA_Py_SnCl3,3.85353677422471
TriMA_i-PA_CrI3,3.85394739548621
DiMA_TroP_CaI3,3.85394770812198
EA_TroP_CaI3,3.85394770812198
DiMA_TroP_CrCl3,3.8539513275271
EA_TroP_CrCl3,3.8539513275271
FM_DiMA_PbCl3,3.85399329797056
Cs_NH4_CrI3,3.85434424737683
TroP_i-BuA_VBr3,3.85436622536354
HA_PhA_MgI3,3.85440121834727
3-Py_Az_VBr3,3.85459907208444
i-BuA_TiZ_MnCl3,3.85508110141678
IM_Py_CrBr3,3.85510140952485
AA_Az_VBr3,3.85525964846005
HY_Az_PbCl3,3.85555124167462
TroP_AA_SnCl3,3.85648961687852
DiEA_HY_CdI3,3.85649955077711
DiMA_TroP_ZnBr3,3.85671126283989
EA_TroP_ZnBr3,3.85671126283989
FM_FA_PbCl3,3.85672261211358
Cs_Py_TiCl3,3.85708152517468
GUA_TiZ_SnCl3,3.85720909744188
EA_DiMA_TiBr3,3.85735392224109
HY_Py_PbCl3,3.8580173494075
DiMA_Py_VBr3,3.85815592412094
EA_Py_VBr3,3.85815592412094
DiEA_FA_CdI3,3.85820841229544
NH4_TroP_SrBr3,3.85860404522533
3-Py_MA_CrBr3,3.85878005847024
EA_TiZ_PbCl3,3.85885288318264
Cs_DiMA_ZrCl3,3.85890901506209
i-PA_DiMA_VI3,3.85896260232699
TetraMA_Cs_VBr3,3.85908247842451
DiEA_MA_TiCl3,3.85909744582059
PhA_i-BuA_VCl3,3.86020779990882
NH4_i-PA_ZnI3,3.86058021353101
TetraMA_HY_TiCl3,3.86076122609286
3-Py_FA_SnCl3,3.86076137279411
i-PA_GUA_TiCl3,3.8608619595129
FM_TroP_VCl3,3.86106835362205
TetraMA_Py_InCl3,3.86129010190182
TriMA_i-PA_TiI3,3.86130448951964
DiEA_AA_FeCl3,3.86170448826019
3-Py_FM_BaBr3,3.86210935209664
IM_Py_SrBr3,3.8622624508707
Cs_GUA_MnBr3,3.86229640757855
TriMA_Py_InCl3,3.862317847738
FA_IM_TiCl3,3.86247332563468
FA_TiZ_TiCl3,3.86266972698724
i-PA_DiMA_TiI3,3.86279842627595
HA_Cs_GeCl3,3.86356417770619
DiEA_TroP_BaI3,3.86370002744016
EA_TetraMA_CrI3,3.86381570724246
3-Py_IM_CrBr3,3.86391898307093
3-Py_TiZ_VBr3,3.86397564901583
NH4_Az_PbCl3,3.86407789718751
TetraMA_DiMA_CrI3,3.86410478559101
Az_Py_MnCl3,3.86432005446994
IM_MA_PbCl3,3.86441898416683
FA_Py_PbCl3,3.86478712789066
TriMA_DiMA_TiI3,3.86483526965796
i-PA_GUA_InCl3,3.86488865719077
GUA_TroP_MgBr3,3.86491161042946
FM_Az_BaI3,3.86502485762885
DiEA_AA_VBr3,3.86511364691259
i-PA_PhA_TiCl3,3.8652232413962
Cs_Py_MgI3,3.8654774411179
GUA_TroP_SnCl3,3.86591910025895
AA_TiZ_VBr3,3.86610547854415
Az_MA_VBr3,3.86713983707334
FA_TriMA_TiCl3,3.86737330091501
GUA_TiZ_TiCl3,3.86780957511826
DiEA_i-BuA_GeBr3,3.86785072104445
3-Py_i-PA_TiCl3,3.86789977496668
i-PA_DiMA_CrI3,3.86804918827748
3-Py_FA_VBr3,3.86814531284253
FA_i-PA_TiCl3,3.86881855445898
EA_TriMA_VI3,3.8691525914153
FM_TroP_SrCl3,3.8693954517184
TriMA_DiMA_CrI3,3.8700860316595
EA_i-PA_VI3,3.87059784495928
DiEA_FA_MnCl3,3.87091452665754
FM_AA_VBr3,3.87143380036331
Py_MA_VBr3,3.87148170405304
GUA_Py_VBr3,3.87173381131882
HA_Py_PbCl3,3.87215531303247
FA_GUA_PbCl3,3.87293097330355
EA_TriMA_TiI3,3.87298841536426
FA_i-PA_PbCl3,3.87340862730144
i-BuA_Az_CrI3,3.87352145243371
GUA_AA_MnBr3,3.87357670262474
TriMA_GUA_TiCl3,3.87399407705931
DiEA_IM_FeCl3,3.87412364809517
DiEA_PhA_FeCl3,3.87430940910781
EA_i-PA_TiI3,3.87448939330213
DiEA_NH4_MnBr3,3.87468118628678
3-Py_TiZ_CrBr3,3.8749227602296
TroP_Py_BaBr3,3.87513449430201
PhA_DiMA_VBr3,3.8757984862673
FA_DiMA_TiCl3,3.87615707719149
NH4_i-PA_VBr3,3.87623138491485
GUA_IM_TiCl3,3.87677952132294
FA_TroP_VBr3,3.87689740106857
NH4_i-PA_CrBr3,3.87727348915276
FM_FA_CrBr3,3.87731602435497
i-BuA_Py_VCl3,3.87770068450544
TroP_Py_VCl3,3.8777084487987
Py_TiZ_SrBr3,3.87773970541766
EA_TriMA_CrI3,3.87823917736579
HY_AA_PbCl3,3.8785990415253
3-Py_TroP_VCl3,3.87885836747158
EA_FA_TiCl3,3.87887266051025
TetraMA_TiZ_PbCl3,3.87894191044363
FA_NH4_PbCl3,3.87902798949417
DiEA_HA_CdI3,3.87904855376767
DiEA_i-BuA_ZrCl3,3.87961212043938
Cs_AA_VI3,3.87986832595768
EA_IM_PbCl3,3.88064549644837
i-PA_Py_InCl3,3.88068608897849
3-Py_AA_VBr3,3.88088525601862
TriMA_DiMA_VI3,3.88104431341263
FA_TroP_MnCl3,3.88109917148206
HA_TetraMA_PbCl3,3.88126557023992
HY_Az_MnCl3,3.88128150755816
PhA_TroP_GeCl3,3.88135004767679
EA_DiMA_TiCl3,3.88161980563933
3-Py_NH4_CrBr3,3.88165347515523
Cs_DiMA_ZnBr3,3.88189379473602
Cs_AA_ZnBr3,3.88202785656132
HY_TiZ_TiCl3,3.88219981842965
IM_AA_VBr3,3.88230384887916
NH4_i-BuA_TiCl3,3.88232740529555
IM_i-BuA_GeBr3,3.8830416462209
i-BuA_Az_MnI3,3.88312042265397
PhA_DiMA_CrCl3,3.88319831620352
DiEA_FA_VCl3,3.88326378560118
PhA_Py_BaBr3,3.8840291736275
DiMA_AA_TiCl3,3.88449629911713
EA_AA_TiCl3,3.88449629911713
3-Py_FA_CrBr3,3.88462930076501
i-PA_i-BuA_VI3,3.88487519160024
DiMA_TroP_MgBr3,3.884923300879
EA_TroP_MgBr3,3.884923300879
Cs_HY_TiBr3,3.88508763169652
PhA_DiMA_CaI3,3.88526729717812
IM_Py_MnCl3,3.88534291523342
EA_TiZ_MnCl3,3.8863026319281
DiEA_HA_InCl3,3.88634305542288
DiEA_HY_MnBr3,3.88764456138654
FM_i-BuA_GeBr3,3.88766474877569
PhA_Py_BeI3,3.88788739294379
FM_GUA_VBr3,3.88816145023522
TriMA_TroP_BeI3,3.88832247655217
i-BuA_MA_TiCl3,3.88840800323138
EA_HY_PbCl3,3.88884421675508
TriMA_i-BuA_VI3,3.88906365676534
3-Py_Cs_VCl3,3.88932491260442
3-Py_AA_SnCl3,3.89008104968985
Cs_PhA_HgCl3,3.89078757334593
HA_TroP_MnCl3,3.89084163516526
TroP_AA_GaCl3,3.8911906983275
Cs_HY_MnBr3,3.89193355105593
HA_AA_PbCl3,3.89200401805948
DiMA_TiZ_MnCl3,3.89252459083031
DiEA_Cs_InCl3,3.89289865005086
GUA_TiZ_MnBr3,3.89295020382248
FA_TiZ_SnCl3,3.89303586061251
Cs_PhA_SnCl3,3.89311474557581
3-Py_GUA_CrBr3,3.89325534807413
DiEA_NH4_VCl3,3.89329972102036
IM_Az_MnCl3,3.89388235179244
Cs_IM_FeCl3,3.8942844036726
FM_AA_CrBr3,3.89450510885358
3-Py_DiMA_CrBr3,3.89483595510634
DiEA_TriMA_TiBr3,3.89576361380765
HA_PhA_MnCl3,3.89699755325005
3-Py_DiEA_GeBr3,3.89700874294565
Cs_i-BuA_VI3,3.89734104875408
FM_HA_PbCl3,3.89754099795028
DiMA_IM_MnCl3,3.89757933266149
NH4_Py_ZnBr3,3.89812449600027
i-PA_HY_PbCl3,3.89818093014316
FA_i-BuA_ZnI3,3.8983969698553
DiEA_i-PA_TiBr3,3.89842360804326
PhA_AA_FeCl3,3.89844762025155
FA_HA_MnBr3,3.89857766050413
FM_DiMA_VBr3,3.89863337217034
FM_EA_VBr3,3.89863337217034
FM_FA_VBr3,3.89880305945392
PhA_DiMA_VCl3,3.89972226455866
FM_DiMA_CrBr3,3.89972900591148
FM_EA_CrBr3,3.89972900591148
Cs_PhA_MgI3,3.89976560232021
FM_TroP_CoCl3,3.89991828231637
NH4_GUA_TiCl3,3.90014562388128
3-Py_EA_CrBr3,3.900285442262
AA_MA_PbCl3,3.90038112224473
PhA_i-BuA_FeCl3,3.900599325594
i-BuA_TiZ_InCl3,3.90129259569633
DiEA_FA_ZnI3,3.90142735346551
i-PA_AA_InCl3,3.90242007915973
IM_Py_BaBr3,3.90250591573852
TriMA_IM_VBr3,3.90316331864051
Cs_IM_ZnBr3,3.9033828100496
PhA_Py_BeBr3,3.90355567282971
FM_Cs_TiI3,3.90371862646045
EA_PhA_MgI3,3.90380087820634
3-Py_PhA_HgCl3,3.9038411027601
HA_Cs_HfCl3,3.90430970153494
i-BuA_Az_TiBr3,3.90434828838317
Py_MA_CrBr3,3.90472891406491
TetraMA_MA_TiBr3,3.90494119698312
IM_TiZ_MgBr3,3.90523156357415
i-BuA_TiZ_CrCl3,3.90558518122802
FA_TroP_GaCl3,3.90600456892102
FA_Py_MnCl3,3.90638553316206
FM_DiEA_GeBr3,3.90652542657839
EA_Az_PbCl3,3.90676299921237
3-Py_NH4_MgI3,3.9073581754111
DiEA_TiZ_MgI3,3.90757905685192
TroP_Az_BeBr3,3.9077478216098
PhA_Py_GaCl3,3.90774980689244
DiEA_GUA_VBr3,3.90801906455609
TroP_Az_SrI3,3.90803917041593
HA_i-BuA_ZnI3,3.90842979792661
DiEA_FA_CoCl3,3.90886749133484
3-Py_FA_MgI3,3.90939922941466
PhA_IM_ZnBr3,3.90940809213431
FA_TroP_CaBr3,3.90981892987887
TroP_MA_SrI3,3.91005846056099
GUA_i-BuA_ZnI3,3.91011043640621
HA_HY_PbCl3,3.91050793516502
FM_NH4_CrBr3,3.91061425974069
TetraMA_PhA_InCl3,3.9107315262011
DiEA_AA_CrCl3,3.91087972785034
DiEA_AA_CrBr3,3.91143638349078
Cs_HY_VBr3,3.91183213053951
EA_Cs_ZrCl3,3.91184074444723
TetraMA_i-BuA_TiI3,3.91215813195271
TroP_Az_GeCl3,3.91279539151813
TriMA_TetraMA_MnI3,3.91316887793202
3-Py_TetraMA_MnBr3,3.914198136263
TetraMA_i-BuA_VI3,3.91447582693301
TriMA_TroP_PbCl3,3.91451772382901
TriMA_i-PA_TiBr3,3.91498855805832
DiEA_HY_ZnI3,3.91514133975155
TetraMA_Cs_CrBr3,3.91545080019151
HY_Py_MgI3,3.91549210553744
3-Py_Py_MnCl3,3.91557777336502
i-PA_IM_MnCl3,3.91568999019826
GUA_TroP_FeCl3,3.91576639762253
HY_PhA_VBr3,3.91638125812319
3-Py_Cs_MnCl3,3.9163958876467
DiEA_TroP_GaCl3,3.91703356319032
i-BuA_AA_MnBr3,3.91739476690283
HY_PhA_CrBr3,3.91758714175087
DiEA_EA_MnI3,3.91821116546742
TroP_MA_PbCl3,3.91868017127455
DiEA_FA_CrBr3,3.91900793534495
HA_DiMA_PbCl3,3.91906031748633
FM_IM_SnCl3,3.9191761382511
FM_Py_SnCl3,3.9194411237454
TroP_TiZ_CaBr3,3.91992340082974
DiEA_TetraMA_CoCl3,3.92021480334002
DiEA_TroP_HgCl3,3.92041230250393
DiMA_Py_PbCl3,3.92054887534084
EA_Py_PbCl3,3.92054887534084
FM_TetraMA_SnCl3,3.92078998558078
DiEA_AA_MnCl3,3.92107433770332
Cs_TroP_BeBr3,3.92145312800294
Cs_PhA_BaI3,3.92220947130781
DiMA_IM_SnCl3,3.92248789192934
EA_IM_SnCl3,3.92248789192934
Az_TiZ_MnCl3,3.9227641311287
Py_TiZ_FeCl3,3.92318088823258
Cs_PhA_SrI3,3.92319203119944
NH4_TiZ_MnCl3,3.9234284484561
TroP_MA_GaCl3,3.92363504128061
GUA_TroP_BaCl3,3.92379127985566
TroP_Az_CrCl3,3.92395276985377
DiEA_AA_ZnI3,3.92431562551443
DiEA_DiMA_MnI3,3.92443312436963
FM_TiZ_ZnBr3,3.92455679690801
EA_i-BuA_GeBr3,3.92495459803146
FM_HY_MnCl3,3.92559119571408
TetraMA_MA_CdI3,3.92600408986695
TetraMA_i-BuA_CrI3,3.92624938771978
3-Py_TriMA_MnBr3,3.9263040313747
TriMA_IM_MnCl3,3.92646490005337
3-Py_GUA_MnCl3,3.92661118375861
i-BuA_Az_FeCl3,3.92700964856815
TetraMA_Az_MnI3,3.9271264525072
EA_PhA_GeBr3,3.92760520966936
DiMA_IM_MgI3,3.92795554265654
EA_IM_MgI3,3.92795554265654
EA_Py_CrBr3,3.92801593432374
FM_TiZ_SrBr3,3.92838458015905
i-PA_TroP_CrCl3,3.92854098439034
3-Py_i-PA_MnBr3,3.92886830406136
TetraMA_Cs_ZnI3,3.92916562534845
HA_PhA_InCl3,3.92936554571884
3-Py_DiEA_CoCl3,3.92944099036142
IM_i-BuA_MnBr3,3.93028714067437
DiEA_GUA_ZnI3,3.93039233729606
3-Py_HA_MnCl3,3.93044024809568
FA_TetraMA_SnCl3,3.93105952198077
i-BuA_Py_CrCl3,3.93109019346414
3-Py_IM_SnCl3,3.93153921844106
GUA_TroP_CrBr3,3.93158310118114
TriMA_TroP_GeCl3,3.93226224540348
PhA_IM_NiCl3,3.93253020604161
DiMA_Py_CrBr3,3.93277718078016
FA_PhA_InCl3,3.93296172552212
FM_Az_ZnBr3,3.93347935205746
TriMA_TroP_CrCl3,3.93351730909137
AA_Az_CrBr3,3.93364900376602
GUA_Py_MnCl3,3.9338658975841
DiEA_HA_MnBr3,3.93392406729954
PhA_IM_CrCl3,3.93429346815973
TriMA_PhA_TiCl3,3.9343884558542
3-Py_HA_MgI3,3.9348517342365
3-Py_TroP_CrCl3,3.9349177821489
3-Py_TroP_BaCl3,3.93545820136928
DiEA_NH4_CrCl3,3.93565676469374
FM_NH4_VBr3,3.93595710734114
TetraMA_TroP_CrCl3,3.93597646525859
FM_MA_CrBr3,3.93628441072279
Az_TiZ_CrBr3,3.93635321317362
TetraMA_Az_ZrCl3,3.93638289721991
TetraMA_AA_MnBr3,3.93682635557574
EA_IM_MnCl3,3.93763671474091
Az_TiZ_VBr3,3.9380510693542
AA_Py_SnCl3,3.93819789748377
EA_AA_PbCl3,3.93929530919431
TetraMA_i-PA_MnI3,3.93945799696007
Cs_HY_MnI3,3.93974955649202
NH4_Az_MnCl3,3.94034569857208
EA_PhA_FeCl3,3.94072301140093
PhA_Az_VCl3,3.94107847983704
i-PA_IM_VBr3,3.94118385733792
TriMA_TiZ_PbCl3,3.94188611555633
3-Py_PhA_GeBr3,3.94195910180902
DiEA_Cs_ZnI3,3.94211213275228
FM_TiZ_SnCl3,3.94222105385181
DiEA_GUA_CoCl3,3.94237941035182
NH4_DiMA_MnCl3,3.94256010969985
HY_TroP_FeCl3,3.9428069436934
3-Py_HY_MnCl3,3.9428352126169
FA_AA_PbCl3,3.94317701807425
DiMA_Az_PbCl3,3.94342185014684
i-BuA_AA_CoCl3,3.94417626558883
PhA_IM_VCl3,3.94432741075167
HA_i-BuA_InCl3,3.94477283487846
i-PA_MA_MnBr3,3.94492493878934
TroP_IM_VCl3,3.94494206697622
FM_AA_BaI3,3.9457926566433
3-Py_AA_CrBr3,3.94618798231446
3-Py_IM_MgI3,3.94812077576167
TetraMA_PhA_MnBr3,3.94825071759321
TriMA_MA_MnBr3,3.94898648781344
i-PA_Az_MnBr3,3.94924425508231
FA_TetraMA_VBr3,3.94933898915027
TroP_AA_HgCl3,3.94939563274204
i-PA_i-BuA_MnI3,3.94941356364793
FA_PhA_CoCl3,3.94943308937076
IM_AA_MnCl3,3.94962126476544
TroP_MA_ZnBr3,3.94964268562798
GUA_AA_PbCl3,3.94969870252962
Cs_TiZ_GaCl3,3.94983447850119
EA_Py_MnCl3,3.94994911766733
PhA_AA_CaI3,3.95068910877576
TetraMA_NH4_MnCl3,3.9507318394278
DiMA_Az_MnBr3,3.95079724167408
NH4_Py_CrBr3,3.95079732046235
FM_GUA_BaI3,3.9513721758016
TetraMA_PhA_TiCl3,3.95143064180021
i-PA_TroP_GeCl3,3.95179562906836
PhA_Py_CaCl3,3.95196039901855
TetraMA_TiZ_CrBr3,3.95200861797211
TetraMA_i-BuA_CoCl3,3.95235910772519
DiEA_Az_FeCl3,3.95282638073931
AA_Py_VBr3,3.95298946215626
TriMA_Az_MnBr3,3.95330580410641
i-BuA_TiZ_NiCl3,3.95339841214667
Cs_i-BuA_MnBr3,3.95346152923566
IM_Az_VBr3,3.95357322274222
TriMA_i-BuA_MnI3,3.95360202881303
NH4_PhA_InCl3,3.95397245017949
AA_Py_CrBr3,3.95419534578394
3-Py_TroP_SrBr3,3.95439978324742
IM_Az_CrBr3,3.95477910636989
HY_GUA_InCl3,3.95488362805879
i-PA_i-BuA_CrI3,3.95498854808164
DiEA_GUA_CdI3,3.9556389441423
TetraMA_TroP_VCl3,3.95577073633678
TriMA_TroP_BeBr3,3.95577419289148
3-Py_TiZ_FeCl3,3.95590934351715
Az_TiZ_SnCl3,3.9571120467315
TriMA_DiMA_CdI3,3.9581547599212
HY_i-BuA_ZnI3,3.95837936955997
DiEA_GUA_VCl3,3.95850694385072
GUA_Py_CrBr3,3.95860487391931
TetraMA_NH4_MnBr3,3.95896514254568
DiMA_TroP_ZnCl3,3.95898939956963
EA_TroP_ZnCl3,3.95898939956963
FM_PhA_CaI3,3.9590017652613
TriMA_i-BuA_CrI3,3.95917701324674
NH4_IM_MnCl3,3.95955501622263
HA_IM_TiCl3,3.95989155585645
EA_Az_MnBr3,3.95992446744279
FM_HY_PbCl3,3.9605089728966
PhA_TiZ_GeCl3,3.96179934430268
EA_HA_PbCl3,3.96221529730578
i-PA_AA_VBr3,3.96255125833521
3-Py_IM_FeCl3,3.96329374127836
GUA_Py_SnCl3,3.96334151163365
EA_TetraMA_TiBr3,3.96358055545896
TetraMA_DiMA_TiBr3,3.9636115075324
FA_Py_VBr3,3.9636997475912
NH4_AA_MnCl3,3.96456747708565
HY_IM_TiCl3,3.96457994774558
DiEA_TroP_ZnBr3,3.96519323185433
DiEA_PhA_ZnI3,3.96542001096654
EA_TriMA_CdI3,3.96602499888658
TetraMA_DiMA_CdI3,3.96605849261346
i-PA_IM_CrBr3,3.96642920155433
TriMA_AA_VBr3,3.96661280735931
TroP_IM_CaCl3,3.96673404739536
FM_DiEA_VBr3,3.96681457913103
DiEA_DiMA_FeCl3,3.96704066638197
DiEA_TroP_InCl3,3.96723572694434
FM_PhA_MgBr3,3.96740327960372
EA_i-PA_CdI3,3.96747025243055
TetraMA_Py_CrBr3,3.9676620856542
TetraMA_Py_VBr3,3.9676620856542
PhA_AA_CrCl3,3.96773468330291
NH4_IM_VBr3,3.96785609347507
TriMA_IM_CrBr3,3.96846604493635
NH4_IM_CrBr3,3.96889819771298
HA_TriMA_TiCl3,3.96901139276907
Az_MA_CrBr3,3.96911510635091
i-PA_DiMA_TiBr3,3.96911910007881
DiMA_GUA_PbCl3,3.96914735323557
EA_GUA_PbCl3,3.96914735323557
IM_AA_CrBr3,3.96917491147965
Cs_HY_TiI3,3.96943608042529
DiEA_MA_CdI3,3.97004073614075
TriMA_DiMA_TiBr3,3.97035497076097
HA_i-PA_TiCl3,3.97045664631305
AA_TiZ_CrBr3,3.97076571908516
GUA_TroP_NiCl3,3.97077053774427
PhA_Az_InCl3,3.9712951089305
GUA_TroP_VBr3,3.97223736674972
i-PA_DiMA_CdI3,3.97223779768514
HA_Az_TiCl3,3.97240328310653
i-BuA_AA_VBr3,3.97318637147787
FM_i-BuA_VBr3,3.97321662829049
DiMA_TiZ_VBr3,3.9733140912453
EA_TiZ_VBr3,3.9733140912453
NH4_Py_MgI3,3.97428762681742
TriMA_MA_InCl3,3.97443836144271
HY_PhA_MnCl3,3.97456719671268
Cs_HY_ZnI3,3.97464714152197
PhA_TroP_BaCl3,3.9746618192612
DiMA_IM_CrBr3,3.97503482905465
EA_IM_CrBr3,3.97503482905465
Az_TiZ_HgCl3,3.97523126022169
TetraMA_GUA_VBr3,3.9752609551609
EA_TetraMA_CdI3,3.97530105607889
TetraMA_IM_VBr3,3.97576696396111
NH4_i-PA_MnCl3,3.97583596266303
Cs_i-PA_HgCl3,3.97591565793245
FA_TetraMA_MnBr3,3.97609380919523
HA_HY_CdI3,3.97643312742298
IM_Az_MgI3,3.97654587922357
MA_TiZ_MgI3,3.97661694812111
i-BuA_Az_NiCl3,3.97703659603022
EA_TriMA_TiBr3,3.97721086990263
TetraMA_Py_PbCl3,3.9773989153038
AA_TiZ_PbCl3,3.9777614357376
3-Py_i-BuA_CoCl3,3.97782394169747
FA_Py_CrBr3,3.97812395135138
i-BuA_AA_FeCl3,3.97823453128703
NH4_DiMA_CrBr3,3.97829630192419
i-BuA_AA_MnCl3,3.97830025238277
TriMA_MA_PbCl3,3.97854229953767
EA_i-PA_TiBr3,3.9786561234466
i-PA_TiZ_PbCl3,3.97876085613934
IM_TiZ_PbCl3,3.97893399015292
FM_NH4_MnCl3,3.97947427692442
3-Py_NH4_FeCl3,3.97951463099405
EA_FA_PbCl3,3.97972942164621
FM_DiMA_ZnBr3,3.98072332331432
FM_EA_ZnBr3,3.98072332331432
Cs_NH4_VI3,3.98080798925555
Az_TiZ_MgI3,3.98111407314747
PhA_Py_SrI3,3.98118225973803
NH4_i-BuA_MnBr3,3.98124096536814
NH4_HY_ZrCl3,3.98136761075986
DiEA_EA_FeCl3,3.98159082531045
FM_FA_MgBr3,3.98182273922094
Cs_MA_CrI3,3.98209072707451
DiMA_TroP_VCl3,3.98227567650168
EA_TroP_VCl3,3.98227567650168
TetraMA_TiZ_MnCl3,3.98275805466442
HY_TroP_ZnBr3,3.98282874226688
TriMA_i-PA_CdI3,3.98285608516683
DiEA_IM_VCl3,3.98310059148186
PhA_AA_VCl3,3.98315813722002
DiEA_GUA_MnCl3,3.9833915334794
DiEA_i-BuA_CoCl3,3.98342771126134
FA_DiMA_PbCl3,3.98418270609453
PhA_GUA_FeCl3,3.98419781218104
DiEA_TetraMA_FeCl3,3.98466591956166
HA_Py_MgI3,3.98476614555045
IM_TiZ_BeBr3,3.98514426912119
i-PA_Az_VBr3,3.98538869878447
Cs_TroP_GeCl3,3.98554473605366
EA_DiMA_InCl3,3.98598682105886
FA_TroP_HgCl3,3.98609270379415
TetraMA_AA_VBr3,3.98672910098559
i-BuA_Az_PbCl3,3.98697693477338
TroP_i-BuA_BeBr3,3.98714955948152
Cs_AA_FeCl3,3.98716236925197
TroP_TiZ_CaCl3,3.98732764169062
DiMA_IM_VBr3,3.98737246446572
EA_IM_VBr3,3.98737246446572
TriMA_Az_VBr3,3.98742554216649
AA_Py_MgI3,3.98762526520004
HY_TroP_SnCl3,3.98769542946796
i-PA_TiZ_VBr3,3.98779060167212
HA_PhA_CrBr3,3.98865490421586
TetraMA_TiZ_GaCl3,3.9886694284301
Az_Py_SnCl3,3.98872570418338
i-BuA_TiZ_MgI3,3.98877160697147
Cs_NH4_MnI3,3.98925648192243
FA_Py_MgI3,3.98973510441719
HA_PhA_VBr3,3.98975587690729
TriMA_TiZ_VBr3,3.98982744505414
GUA_Az_SnCl3,3.99028269690467
TetraMA_HY_PbCl3,3.99030041854941
TroP_Az_BaCl3,3.99057973910477
3-Py_FM_FeCl3,3.99059406766219
DiEA_GUA_CrBr3,3.99109226754252
3-Py_GUA_MgI3,3.99113975041383
DiEA_NH4_FeCl3,3.99186341769909
IM_TiZ_SrBr3,3.99190539219773
EA_i-BuA_TiBr3,3.99253001872532
TetraMA_MA_PbCl3,3.99262976490354
GUA_TroP_PbCl3,3.99291120060265
i-PA_TroP_BeBr3,3.99305426090235
TriMA_NH4_TiCl3,3.99345473059755
TroP_i-BuA_HgCl3,3.99422956942325
TriMA_IM_SnCl3,3.9942531928831
FA_i-BuA_GeBr3,3.99442046295568
DiEA_TriMA_CdBr3,3.99460784941092
TetraMA_i-BuA_GeBr3,3.99474967726933
i-PA_AA_MnBr3,3.99475556553583
GUA_IM_SnCl3,3.99486896995518
Cs_Py_MnCl3,3.99516040734631
TetraMA_TiZ_HgCl3,3.99564823865703
DiMA_i-BuA_MnI3,3.99569576040661
EA_i-BuA_MnI3,3.99569576040661
DiMA_TiZ_MgI3,3.99574569526238
EA_TiZ_MgI3,3.99574569526238
DiMA_Py_MgI3,3.99577907800475
EA_Py_MgI3,3.99577907800475
DiMA_TiZ_CrBr3,3.99631158992081
EA_TiZ_CrBr3,3.99631158992081
3-Py_Py_MgBr3,3.99646374126829
TriMA_TroP_SrI3,3.99657103545296
3-Py_i-BuA_GeBr3,3.99762244032283
FA_HY_MgI3,3.99784969252308
TetraMA_PhA_GeBr3,3.99786435465977
PhA_Az_MgBr3,3.99812672293688
HY_TroP_NiCl3,3.99830128746908
HY_TroP_CaI3,3.99852565919885
TriMA_AA_MnBr3,3.99881711455994
GUA_i-BuA_TiBr3,3.99887251524029
HA_GUA_MnBr3,3.99917241701596
FA_GUA_MnBr3,3.99921427099059
TroP_AA_MgBr3,3.99954787850364
FM_Py_ZnBr3,3.99976545094913
TriMA_IM_MgI3,4.00012906202654
AA_Py_PbCl3,4.00022333221238
HY_PhA_InCl3,4.00060837799523
DiEA_FA_CrCl3,4.0006112345186
TroP_Py_BaI3,4.00087172417763
i-PA_TiZ_CrBr3,4.00105365378437
FM_Az_SnCl3,4.0011243884588
TriMA_NH4_CrBr3,4.00153326521438
DiEA_i-PA_CdBr3,4.00204385637773
DiEA_Cs_CrI3,4.00222149437041
HY_AA_TiCl3,4.00242340835609
HA_AA_TiCl3,4.00258321255981
DiMA_i-BuA_TiBr3,4.00288305516766
Cs_PhA_GaCl3,4.00307991389031
TriMA_TiZ_CrBr3,4.00309049716639
TroP_TiZ_VCl3,4.0031057055446
TetraMA_Cs_ZnBr3,4.00329331167894
i-PA_MA_PbCl3,4.00341955648589
PhA_MA_MgBr3,4.00365874725692
EA_Cs_CrBr3,4.0041204226509
FA_PhA_MgI3,4.00424479733111
DiMA_MA_VBr3,4.00426231971856
EA_MA_VBr3,4.00426231971856
HY_DiMA_TiCl3,4.00432173373693
TetraMA_Az_CdI3,4.00448905109742
IM_MA_MgI3,4.00524572923105
DiMA_MA_CrBr3,4.00530442395647
EA_MA_CrBr3,4.00530442395647
NH4_MA_TiCl3,4.00549571899536
FM_PhA_NiCl3,4.00592833638116
PhA_IM_BeBr3,4.00634127853574
FM_PhA_ZnBr3,4.00767654618686
PhA_GUA_CoCl3,4.00775917496142
Cs_NH4_TiBr3,4.00782219732111
i-PA_TroP_SrI3,4.00857129151626
Az_Py_FeCl3,4.0090628283717
i-BuA_AA_CrBr3,4.00949737570368
TriMA_TetraMA_VI3,4.00985606143907
DiMA_GUA_MnBr3,4.009893028805
TroP_i-BuA_BaBr3,4.01042726155357
3-Py_Az_FeCl3,4.01063281250822
DiEA_IM_NiCl3,4.01079203772744
3-Py_HY_SnCl3,4.01098873734993
TroP_TiZ_ZnCl3,4.01136614273476
IM_TiZ_MnCl3,4.01275429415638
i-PA_Py_VBr3,4.01295029125757
3-Py_Py_HgCl3,4.01339381082329
HA_TroP_FeCl3,4.01342429136722
FA_TroP_ZnBr3,4.0136970036313
NH4_GUA_PbCl3,4.01371095143359
i-BuA_MA_MnI3,4.01400584173648
i-PA_TroP_BeI3,4.01405302035266
DiEA_HY_VBr3,4.01452519049149
GUA_TroP_HgCl3,4.01454184523226
DiEA_Py_FeCl3,4.01461183611605
DiEA_Az_MnBr3,4.01533413039771
3-Py_AA_PbCl3,4.01563791864641
IM_TiZ_VBr3,4.01677218485563
i-PA_HY_TiCl3,4.01740150408219
i-BuA_MA_CdI3,4.01771723775913
DiEA_TiZ_VCl3,4.01791554275792
TriMA_Py_PbCl3,4.0180247555316
NH4_TiZ_VBr3,4.01827256378076
Cs_i-BuA_VBr3,4.018922242365
Cs_HY_ZrCl3,4.01907104784504
TetraMA_i-PA_VI3,4.01936679267737
3-Py_TiZ_NiCl3,4.0202890707054
MA_TiZ_CrBr3,4.02042462227708
DiEA_IM_CrCl3,4.02062023655391
Cs_PhA_FeCl3,4.02064136650949
HA_TroP_NiCl3,4.02091284309509
i-PA_TiZ_MnCl3,4.02096076836611
HY_i-BuA_TiBr3,4.02113561715923
TriMA_Py_VBr3,4.02120909354179
AA_Py_MnCl3,4.02121679708297
EA_Cs_VI3,4.02163947409113
TetraMA_NH4_FeCl3,4.02180879498851
3-Py_Az_MnCl3,4.02205633194174
i-PA_PhA_FeCl3,4.02230008625715
IM_Az_SnCl3,4.02359868851295
DiEA_TetraMA_CdBr3,4.02372455794184
PhA_TroP_CaCl3,4.02389509031762
FA_TroP_PbCl3,4.02402963220345
TetraMA_Py_FeCl3,4.02415797397591
PhA_AA_ZnBr3,4.02486688770927
Cs_DiMA_CrBr3,4.02501983329616
TriMA_i-BuA_CdBr3,4.02531536143713
DiEA_i-PA_MnBr3,4.02572589417599
TriMA_NH4_VBr3,4.02587246400749
i-PA_MA_InCl3,4.02593065316702
TroP_Az_VCl3,4.02599199009597
TriMA_TiZ_MgI3,4.02661374893929
HA_TiZ_TiCl3,4.02716186553159
FA_MA_TiCl3,4.02792311184948
TroP_MA_BaI3,4.02817364271552
3-Py_HY_VBr3,4.02820282133896
EA_NH4_TiCl3,4.02829193245287
HA_DiMA_TiCl3,4.02835572267255
IM_Py_GaCl3,4.02870133731446
FA_TriMA_MnBr3,4.02874193181997
Cs_i-BuA_SnCl3,4.02878028892497
FM_MA_ZnBr3,4.02906404795363
DiEA_Cs_CdI3,4.02912706645135
3-Py_NH4_VCl3,4.02939613895117
Cs_i-PA_FeCl3,4.02945273397622
i-PA_Py_CrBr3,4.02952247788439
IM_TiZ_BeI3,4.02973900714423
IM_Py_PbCl3,4.02989695155672
FA_i-PA_MnBr3,4.03018718536395
Cs_IM_NiCl3,4.03027226130474
3-Py_MA_SnCl3,4.03040079640275
i-PA_IM_MgI3,4.03052559807609
TriMA_HY_TiCl3,4.0305336216286
DiMA_Az_VBr3,4.03090388849627
EA_Az_VBr3,4.03090388849627
FM_HY_VBr3,4.03095896678437
TriMA_Py_CrBr3,4.0315593212664
TriMA_TiZ_MnCl3,4.03173567822122
FM_IM_SrBr3,4.03193899700823
Cs_Py_HgCl3,4.03206620605235
FA_Cs_HgCl3,4.03209121674354
IM_TiZ_CrBr3,4.03234209328698
TriMA_Py_FeCl3,4.03254613057917
HA_Az_MgI3,4.03275588699391
3-Py_TiZ_HgCl3,4.03277378251237
DiEA_Cs_VI3,4.0328166166159
PhA_TiZ_CaBr3,4.03321113528479
3-Py_TetraMA_FeCl3,4.03338358018474
FM_Cs_ZnI3,4.03346485260309
FA_Az_SnCl3,4.03351424676814
i-PA_Py_FeCl3,4.0339873103539
Cs_Py_VCl3,4.03419554474289
3-Py_TetraMA_HgCl3,4.03445219694388
PhA_Py_BaI3,4.03478427026643
TriMA_TiZ_HgCl3,4.03521845467136
TetraMA_AA_CrBr3,4.03525619484123
FM_AA_ZnBr3,4.03527171610011
TetraMA_Py_MnCl3,4.03528116961086
AA_MA_VBr3,4.03530751228494
FM_PhA_CoCl3,4.03534110141997
FA_i-BuA_InCl3,4.03569329411009
IM_AA_MgI3,4.03582898833699
HY_Az_VBr3,4.03625901186745
DiMA_Py_SnCl3,4.03629977706676
EA_Py_SnCl3,4.03629977706676
FM_TiZ_BeI3,4.03650618572567
DiEA_PhA_GeBr3,4.0366273334958
PhA_MA_InCl3,4.03706143742274
i-PA_IM_SnCl3,4.03711271865944
FM_PhA_SnCl3,4.03720659670054
i-PA_PhA_InCl3,4.03725292360984
3-Py_HA_VBr3,4.03729466185772
FM_DiEA_InCl3,4.037868655362
NH4_TiZ_CrBr3,4.03819544129957
PhA_Az_CrCl3,4.03892284016041
EA_Py_HgCl3,4.03985852514562
Cs_GUA_CrBr3,4.04030264828376
DiEA_Az_CoCl3,4.04037087344433
DiMA_AA_MnBr3,4.04069929495607
EA_AA_MnBr3,4.04069929495607
i-PA_Py_NiCl3,4.04074297077086
NH4_TroP_SrI3,4.04079993906102
EA_DiMA_MnBr3,4.04108422618497
FA_HA_PbCl3,4.04110135661476
i-BuA_TiZ_PbCl3,4.04126143728952
TetraMA_TroP_CaCl3,4.042067804619
HY_IM_MgI3,4.04206974181286
PhA_IM_BaI3,4.04255835411328
GUA_Py_MgI3,4.04325158412564
FA_AA_TiCl3,4.04331395719017
Cs_TroP_FeCl3,4.04334149302778
TetraMA_i-BuA_CdBr3,4.04338126626318
EA_PhA_CrBr3,4.04344945798628
EA_PhA_VBr3,4.04344945798628
PhA_AA_NiCl3,4.04376087359921
IM_TiZ_HgCl3,4.04417448835478
3-Py_TriMA_SnCl3,4.04428799637451
i-PA_TiZ_MgI3,4.04438985736421
PhA_GUA_MgI3,4.04469161327445
FM_i-BuA_InCl3,4.04470069036737
DiMA_MA_TiCl3,4.04503751525942
EA_MA_TiCl3,4.04503751525942
DiEA_TriMA_FeCl3,4.04563898231051
Py_TiZ_BaBr3,4.04573743147424
DiMA_GUA_TiCl3,4.04581063435587
EA_GUA_TiCl3,4.04581063435587
3-Py_HA_CrBr3,4.04639745538236
PhA_MA_FeCl3,4.04673045197095
TroP_Az_CaBr3,4.04673373298816
NH4_PhA_NiCl3,4.04674974038293
DiMA_Az_CrBr3,4.0472229642929
EA_Az_CrBr3,4.0472229642929
TriMA_NH4_FeCl3,4.04732508635754
DiMA_Az_SnCl3,4.0481036135172
EA_Az_SnCl3,4.0481036135172
Cs_Py_GaCl3,4.04811233071453
i-PA_i-BuA_CdBr3,4.04811666332003
EA_PhA_TiCl3,4.04829583310867
NH4_DiMA_VBr3,4.04832172949458
EA_NH4_SnCl3,4.04916989387034
i-PA_Py_PbCl3,4.04933478195005
GUA_MA_TiCl3,4.04972144428701
FA_TetraMA_CrBr3,4.04972272354017
DiEA_TetraMA_MnBr3,4.04973084600678
FM_AA_SnCl3,4.04994501784206
i-BuA_AA_VCl3,4.05118640110501
TriMA_TiZ_SnCl3,4.05135494283108
Py_TiZ_MnCl3,4.05163441719779
FM_Py_BaI3,4.05169904591978
3-Py_Az_SnCl3,4.05172130183211
TroP_MA_CaBr3,4.0522450808092
TroP_AA_ZnBr3,4.052359073813
3-Py_FM_NiCl3,4.05268857374942
TetraMA_TroP_GeCl3,4.05306071381351
NH4_Py_SnCl3,4.05316811374762
HA_TroP_CaBr3,4.05380733544853
Cs_DiMA_VI3,4.05431006772626
PhA_Py_CaBr3,4.05432219526556
DiEA_NH4_VBr3,4.05482345290435
3-Py_TroP_PbCl3,4.05505382144989
HY_Py_SnCl3,4.05526385254692
i-PA_AA_CrBr3,4.05608332623892
DiEA_Cs_VBr3,4.0562438978608
NH4_PhA_CoCl3,4.0565650440132
NH4_TiZ_SnCl3,4.05663426695952
TroP_TiZ_BeCl3,4.05696781976029
i-PA_Az_CrBr3,4.0570297447074
HA_PhA_FeCl3,4.05717547417017
FM_HA_VBr3,4.05722370016528
EA_DiMA_PbCl3,4.05725014857436
i-PA_Py_MnCl3,4.05753257101278
FA_HY_PbCl3,4.05755029625979
TetraMA_i-BuA_MnI3,4.05786390256355
TriMA_AA_CrBr3,4.05812016962094
3-Py_DiMA_FeCl3,4.05827493627235
3-Py_EA_FeCl3,4.05827493627235
3-Py_HY_CrBr3,4.0583891088492
3-Py_PhA_SrI3,4.05840454779625
HY_Py_CrBr3,4.05891264124691
TetraMA_Py_HgCl3,4.05902480530981
TriMA_Az_CrBr3,4.05906658808941
FA_NH4_SnCl3,4.05915820234784
3-Py_i-PA_SnCl3,4.0591746425887
3-Py_DiMA_MnCl3,4.05946548769421
3-Py_EA_MnCl3,4.05946548769421
TetraMA_GUA_CrBr3,4.05954889883896
DiEA_NH4_CrBr3,4.05962746199108
HA_NH4_ZnI3,4.05979555438404
GUA_AA_TiCl3,4.05988897607352
3-Py_DiMA_PbCl3,4.05993224855019
TetraMA_IM_CrBr3,4.06044426905864
3-Py_IM_NiCl3,4.06053868676253
DiEA_TiZ_InCl3,4.06082374016899
Cs_IM_GaCl3,4.0608660196214
i-BuA_Py_InCl3,4.06117960194689
TroP_Az_BaI3,4.0612298523518
FM_FA_ZnBr3,4.06136108455365
TriMA_TetraMA_ZrCl3,4.06150745508732
PhA_MA_NiCl3,4.06166902921617
EA_NH4_CrBr3,4.06171434469153
3-Py_Cs_CrCl3,4.06190974718886
i-PA_IM_FeCl3,4.06261785575278
TriMA_PhA_FeCl3,4.06290401310864
i-BuA_Az_MnBr3,4.06306995440129
HA_AA_MgI3,4.06334360837679
FA_GUA_TiCl3,4.06346810722864
Cs_NH4_TiI3,4.06359724891906
MA_TiZ_SnCl3,4.06366006038691
EA_GUA_MnBr3,4.06388100327757
TriMA_TetraMA_CdI3,4.06394193103488
FM_TroP_GaCl3,4.06416757001922
NH4_IM_FeCl3,4.06432239281033
DiEA_EA_TiCl3,4.06435555399097
TetraMA_Az_InCl3,4.06514741171367
FA_NH4_MgI3,4.065171459643
DiEA_GUA_MnBr3,4.06543694150715
Cs_IM_HgCl3,4.06585576143466
3-Py_Az_NiCl3,4.06658094055431
AA_MA_CrBr3,4.06690051460948
NH4_TroP_GaCl3,4.06711132706783
i-PA_TiZ_HgCl3,4.06727389846397
DiEA_GUA_CrCl3,4.06762752948075
HY_Az_CrBr3,4.06785201419199
IM_Py_FeCl3,4.06819545109509
TriMA_Py_MnCl3,4.06830748086789
PhA_IM_BaBr3,4.06866993258506
FM_HY_CrBr3,4.06872136106076
FA_Cs_TiBr3,4.06883887607017
3-Py_HA_BaI3,4.06889248846279
3-Py_Cs_HgCl3,4.06892726494446
FM_IM_FeCl3,4.06915069881943
TriMA_PhA_InCl3,4.06915892522846
Az_TiZ_FeCl3,4.06935521227876
NH4_TiZ_FeCl3,4.0693603327708
TetraMA_GUA_SnCl3,4.06937145944085
HA_i-BuA_TiBr3,4.06940780365853
TetraMA_IM_MnCl3,4.06946763234365
i-PA_Az_FeCl3,4.06947197214134
DiEA_DiMA_TiCl3,4.06965591087485
3-Py_TriMA_FeCl3,4.07031799243062
HY_AA_MgI3,4.07061012686537
NH4_GUA_MnCl3,4.07108277587975
3-Py_TetraMA_PbCl3,4.07114183373314
TroP_i-BuA_ZnBr3,4.07138747164038
TriMA_TetraMA_CrI3,4.07140299128031
TriMA_NH4_SnCl3,4.07153008138712
DiEA_FA_FeCl3,4.07174322987531
3-Py_i-PA_FeCl3,4.07176324597459
HA_IM_MnCl3,4.07203429491644
DiMA_TiZ_SnCl3,4.0723591014876
EA_TiZ_SnCl3,4.0723591014876
Cs_TroP_HgCl3,4.07253158623035
MA_TiZ_VBr3,4.0725386815802
TriMA_PhA_GeBr3,4.07284707828568
HY_Py_MnCl3,4.07298912891102
TetraMA_MA_MnI3,4.07324603931288
HA_Cs_VI3,4.07335718398823
TriMA_IM_FeCl3,4.07339276560789
FM_TiZ_FeCl3,4.0734053138082
NH4_MA_SnCl3,4.07346819368902
FM_MA_FeCl3,4.07351017606405
TetraMA_i-PA_CdI3,4.07357444631545
NH4_GUA_MgI3,4.07375664220255
DiEA_i-BuA_HfCl3,4.07397020064649
AA_TiZ_MnCl3,4.07407105900366
TetraMA_Cs_HgCl3,4.07407711406769
TetraMA_IM_FeCl3,4.07452177811904
NH4_Py_FeCl3,4.07466842955575
GUA_TroP_BeBr3,4.07479734492536
HY_PhA_FeCl3,4.07500655135421
PhA_MA_VCl3,4.07501670194786
GUA_TroP_ZnBr3,4.07553598590245
DiEA_TroP_SrBr3,4.0756344870448
EA_Py_GaCl3,4.07573672490152
Az_Py_NiCl3,4.07577649241655
IM_i-BuA_VBr3,4.07595474631265
DiEA_PhA_CdBr3,4.07606478316182
IM_AA_SnCl3,4.07650882813095
TriMA_TroP_ZnCl3,4.07653355575462
DiMA_Py_GaCl3,4.0770696890509
FM_Py_FeCl3,4.07732650849224
FM_IM_BeI3,4.07814688243627
3-Py_FM_SrBr3,4.07830605594887
TriMA_AA_SnCl3,4.07831826100679
EA_TriMA_PbCl3,4.07854992663411
Py_MA_FeCl3,4.07898793139614
HA_Py_MnCl3,4.07936753657879
EA_i-BuA_CdI3,4.07991459721243
TriMA_Az_FeCl3,4.08024688199645
EA_PhA_InCl3,4.08049740257472
FA_i-BuA_CrBr3,4.08054414932975
DiEA_TiZ_CoCl3,4.08079735213186
Cs_MA_VI3,4.08109562404363
IM_Py_BaI3,4.08173469422315
3-Py_AA_FeCl3,4.08183618892967
Py_TiZ_HgCl3,4.08202748918321
HY_IM_MnCl3,4.08212315938753
Cs_NH4_MnBr3,4.08243990274273
FM_HA_CrBr3,4.08246535558223
AA_MA_MnCl3,4.08251125006517
DiEA_GUA_FeCl3,4.0828893236321
TriMA_Py_NiCl3,4.08300122424145
DiMA_i-BuA_HfCl3,4.08314957827794
EA_i-BuA_HfCl3,4.08314957827794
TetraMA_NH4_NiCl3,4.08321811217104
DiEA_NH4_NiCl3,4.08353999103671
FM_TetraMA_FeCl3,4.08374043544584
PhA_IM_BeI3,4.0839249304587
GUA_TiZ_FeCl3,4.08395367898911
DiEA_TriMA_MnBr3,4.08409793821347
TroP_MA_SrBr3,4.08430547839444
i-PA_i-BuA_GeBr3,4.08524839283302
NH4_AA_CrBr3,4.08569337097714
TroP_i-BuA_CaCl3,4.08576631876885
PhA_MA_CrCl3,4.08659410131707
DiMA_i-BuA_CdI3,4.08700401593721
TriMA_Az_InCl3,4.08707549658952
DiMA_GUA_SnCl3,4.08732150899986
Cs_MA_GaCl3,4.08754065841264
TetraMA_Py_SnCl3,4.08773363291162
FA_TroP_BeBr3,4.08780321432697
Az_Py_ZnBr3,4.08835751873544
FA_AA_SnCl3,4.08842916119218
TetraMA_Az_TiBr3,4.08871581757136
DiMA_TiZ_FeCl3,4.08878770436856
NH4_HY_VBr3,4.08967014919607
NH4_HY_SnCl3,4.08971644779067
Py_TiZ_BaI3,4.09000528535653
TetraMA_i-PA_CrI3,4.09004094828733
GUA_AA_SnCl3,4.09029468550326
FA_TroP_BeI3,4.09077999672931
NH4_i-PA_FeCl3,4.09148584227955
GUA_i-BuA_InCl3,4.09226377014777
TetraMA_i-PA_ZrCl3,4.09231469723847
NH4_DiMA_SnCl3,4.0925486234398
HA_Az_MnCl3,4.092594899157
3-Py_i-BuA_InCl3,4.09271185115182
HA_TroP_ZnBr3,4.09291251042163
GUA_TroP_BeI3,4.09306578983068
i-PA_GUA_MnBr3,4.09323014553964
NH4_PhA_HgCl3,4.09335791674957
Cs_Py_CrCl3,4.09362392833004
DiEA_TiZ_FeCl3,4.09377129177944
EA_HY_TiCl3,4.09392629653245
i-PA_TiZ_SnCl3,4.09421446860742
TroP_IM_ZnCl3,4.09431169732985
HA_TriMA_MnCl3,4.09435841973958
DiEA_Py_VCl3,4.09441000548412
HA_NH4_FeCl3,4.09446860875307
EA_GUA_SnCl3,4.09462674611625
FA_PhA_NiCl3,4.09463905263795
FA_TiZ_FeCl3,4.09594493340164
TetraMA_PhA_CrBr3,4.09623008731104
DiEA_TiZ_NiCl3,4.09646180405568
HA_GUA_PbCl3,4.0966319060622
TriMA_GUA_MnBr3,4.09729169456375
NH4_Az_FeCl3,4.09748853608333
NH4_i-PA_SnCl3,4.09767373762823
FM_DiEA_CrBr3,4.09773387192792
FM_TiZ_CaBr3,4.09793872559801
FA_PhA_ZnBr3,4.09797100889729
Cs_Az_FeCl3,4.09798263161411
EA_i-PA_PbCl3,4.09878747928919
HA_i-BuA_TiCl3,4.09906561070738
TetraMA_AA_FeCl3,4.09930096938759
HA_NH4_SnCl3,4.09982971697318
DiEA_HA_VBr3,4.10006933746507
GUA_TroP_GaCl3,4.10049328324887
3-Py_Py_CaI3,4.10069958756781
FA_NH4_TiCl3,4.10070559446778
i-PA_TroP_VCl3,4.10091899569279
HY_i-BuA_TiCl3,4.10092373232111
DiEA_FA_NiCl3,4.10103080322007
Cs_GUA_VBr3,4.10125001440581
DiEA_AA_NiCl3,4.1014441872749
DiEA_EA_CdI3,4.10179689216073
Cs_Py_FeCl3,4.10184673654278
i-PA_PhA_MnCl3,4.10206097349038
GUA_Py_FeCl3,4.10208010808575
HA_Py_SnCl3,4.10235959378281
IM_Py_BeBr3,4.10237146782994
HY_TroP_MgBr3,4.10258414632728
NH4_HY_TiCl3,4.10280759993369
Py_MA_SnCl3,4.10330614875918
HA_TetraMA_MnBr3,4.10380684043393
NH4_Py_BaI3,4.10391209318063
Cs_i-BuA_HgCl3,4.10397846885942
FM_i-BuA_CrBr3,4.10413592108738
FA_Py_FeCl3,4.10474877658278
TetraMA_TiZ_NiCl3,4.10492021245026
FA_TriMA_SnCl3,4.10496932035889
IM_MA_CrBr3,4.10516547274566
i-PA_PhA_CoCl3,4.10532283819617
3-Py_HY_FeCl3,4.10541330321399
DiEA_Py_CrCl3,4.1054244919973
TetraMA_IM_NiCl3,4.10602548570017
i-PA_i-BuA_HfCl3,4.10607325803314
FA_i-PA_SnCl3,4.10641457390286
3-Py_MA_FeCl3,4.10749048544487
TriMA_PhA_NiCl3,4.10778694017494
DiEA_TetraMA_TiCl3,4.10823780991396
DiMA_IM_FeCl3,4.10858038172518
EA_IM_FeCl3,4.10858038172518
Cs_DiMA_FeCl3,4.10873965661954
i-PA_TroP_ZnCl3,4.10945348046703
i-BuA_AA_CrCl3,4.10978742891162
TriMA_NH4_NiCl3,4.11015047055766
HA_Py_CrBr3,4.11016651930115
HY_Az_FeCl3,4.11051222720346
3-Py_PhA_CaI3,4.11102337471811
PhA_MA_ZnBr3,4.11136420784102
DiEA_DiMA_CdI3,4.11157992421177
Cs_GUA_HgCl3,4.11180069513105
HY_MA_TiCl3,4.11213578488455
FM_EA_SnCl3,4.11222791622788
TetraMA_DiMA_ZrCl3,4.11244649118385
Py_MA_ZnBr3,4.11260133565988
DiEA_Cs_CrBr3,4.11261221962779
DiEA_TetraMA_MnCl3,4.11282229050719
Cs_GUA_GaCl3,4.11308490875437
3-Py_HA_SnCl3,4.1135005340663
TetraMA_IM_HgCl3,4.11355553878944
EA_NH4_FeCl3,4.11362140271889
3-Py_DiMA_SnCl3,4.11364752613881
DiMA_TiZ_HgCl3,4.11419672444608
EA_TiZ_HgCl3,4.11419672444608
PhA_GUA_ZnBr3,4.11426947413695
3-Py_Py_PbCl3,4.11501765680347
PhA_Py_MgCl3,4.11568077163952
NH4_AA_FeCl3,4.11580910547094
PhA_AA_CoCl3,4.11585704062525
AA_Py_GaCl3,4.11622860755095
FM_FA_BaI3,4.11632888532897
i-PA_DiMA_MnI3,4.1165460795457
EA_TetraMA_MnI3,4.11674213749403
3-Py_TiZ_GaCl3,4.11675801745001
NH4_GUA_VBr3,4.11691298473436
TetraMA_DiMA_MnI3,4.11703121584259
FA_AA_MgI3,4.11709014974039
PhA_TiZ_GaCl3,4.1172092890182
TriMA_NH4_MnCl3,4.11721480838339
Cs_i-BuA_CrBr3,4.11802138180569
i-PA_Az_InCl3,4.11806416545463
HY_TroP_HgCl3,4.11839006278794
PhA_GUA_InCl3,4.1186256952512
TriMA_DiMA_MnI3,4.11865074029631
HY_Py_VBr3,4.11877536058654
IM_Az_FeCl3,4.11903995978143
FM_TriMA_SnCl3,4.11905354058792
AA_TiZ_HgCl3,4.11917594558885
Cs_TroP_NiCl3,4.12000456897571
TroP_Py_SrBr3,4.12027087758665
TroP_Py_CaBr3,4.1204715639758
TriMA_DiMA_PbCl3,4.12057299781574
PhA_DiMA_InCl3,4.12107927007856
i-PA_AA_SnCl3,4.12117778678314
EA_TetraMA_ZrCl3,4.12126979958113
HY_IM_FeCl3,4.12188514777032
FA_MA_FeCl3,4.12214361172898
TriMA_TetraMA_HgCl3,4.12234422947515
HY_DiMA_MnCl3,4.12239611825348
Cs_PhA_CaI3,4.12296917609194
HA_TroP_HgCl3,4.12309969195456
NH4_AA_NiCl3,4.12312655771138
NH4_DiMA_FeCl3,4.12315726655522
HA_MA_VBr3,4.12346872225406
TriMA_IM_PbCl3,4.12365235904188
FA_Az_MgI3,4.12451539743989
TetraMA_AA_InCl3,4.12461230665954
FM_i-PA_SnCl3,4.12471523008263
FA_TriMA_HgCl3,4.12502661059903
HA_MA_TiCl3,4.12551084221934
IM_Az_HgCl3,4.12560240713645
HY_DiMA_CrBr3,4.12576278904836
NH4_Py_HgCl3,4.12598728071271
PhA_GUA_VCl3,4.1260530387025
HA_MA_SnCl3,4.12607186145468
HA_PhA_HgCl3,4.12611883900147
PhA_AA_InCl3,4.12630737490977
HA_MA_CrBr3,4.1263999907341
FA_i-PA_HgCl3,4.126471864143
TroP_AA_SrI3,4.1265612706012
EA_Cs_HgCl3,4.12658068839324
EA_TriMA_MnI3,4.12673606863401
HA_Py_VBr3,4.1267368246028
FM_Az_NiCl3,4.12709717830275
FA_PhA_HgCl3,4.12727576921124
FA_Az_CrBr3,4.12772942881086
3-Py_DiEA_InCl3,4.12814013526027
IM_Py_NiCl3,4.12841943963913
3-Py_FA_FeCl3,4.12847740533859
NH4_IM_NiCl3,4.12855177569058
FM_TriMA_ZnBr3,4.12858852710977
HY_MA_VBr3,4.12860162474241
i-BuA_MA_InCl3,4.12867965945397
TriMA_i-BuA_HfCl3,4.12886690349214
MA_TiZ_MnCl3,4.12928192451834
DiEA_TetraMA_NiCl3,4.1293519747702
HY_TroP_CoCl3,4.12954013667731
Py_MA_NiCl3,4.12971248853226
IM_Py_BeI3,4.12981727810849
NH4_Az_SnCl3,4.12987874340791
3-Py_PhA_SnCl3,4.13008972372135
DiEA_TiZ_CrCl3,4.13013128272377
Cs_DiMA_NiCl3,4.13073652366838
FM_AA_FeCl3,4.13075755299295
GUA_MA_MgI3,4.1309718458149
NH4_GUA_CrBr3,4.13108665265358
FM_Az_FeCl3,4.13121085983638
DiEA_MA_MnBr3,4.13122881586624
GUA_AA_MgI3,4.1316014020426
EA_NH4_VBr3,4.13165841763523
TetraMA_i-BuA_CdI3,4.13184547182541
TetraMA_PhA_VBr3,4.13187095392246
NH4_TroP_BeI3,4.13218937735795
i-BuA_AA_PbCl3,4.13291154238299
FM_GUA_ZnBr3,4.13319565771737
Py_TiZ_ZnBr3,4.13324652355283
TriMA_Py_SnCl3,4.13325353890102
HY_Py_HgCl3,4.13351708999165
HY_MA_CrBr3,4.13374815181838
Cs_NH4_FeCl3,4.13397978675167
3-Py_PhA_VCl3,4.13415122963363
IM_MA_MnCl3,4.13422571680191
FM_TriMA_FeCl3,4.13433869332145
FA_TetraMA_FeCl3,4.13480182684176
FA_DiMA_MnCl3,4.13495542237535
3-Py_HY_BaI3,4.13594901298524
FM_i-PA_FeCl3,4.13604207314054
FM_Cs_MnBr3,4.13604679562632
Cs_PhA_CdCl3,4.13620279381886
3-Py_FA_HgCl3,4.13644543734546
3-Py_TetraMA_NiCl3,4.13675602098262
DiEA_HA_NiCl3,4.13679193850654
HY_TroP_BaCl3,4.13694540710463
EA_FA_MnCl3,4.13767100569412
3-Py_IM_ZnBr3,4.13767634349741
TetraMA_i-PA_HgCl3,4.13803692046268
PhA_TiZ_CrCl3,4.1381058925175
Cs_HY_GaCl3,4.13842015856139
PhA_TiZ_VCl3,4.13896099732094
3-Py_EA_SnCl3,4.13902882916983
TriMA_TetraMA_TiBr3,4.13910566620142
HA_HY_ZnI3,4.13915649206136
DiEA_HY_FeCl3,4.13933453663717
Cs_i-PA_NiCl3,4.13935099322645
FA_DiMA_VBr3,4.13937779934512
TetraMA_Az_HgCl3,4.13945402172049
FM_TriMA_CrCl3,4.13975632651945
3-Py_GUA_FeCl3,4.14046124039637
3-Py_DiMA_HgCl3,4.14053385920844
3-Py_EA_HgCl3,4.14053385920844
TriMA_i-BuA_GeBr3,4.14057318334265
FA_TetraMA_HgCl3,4.14057602706587
Az_Py_HgCl3,4.14081464763218
i-BuA_TiZ_CoCl3,4.14090574348965
TetraMA_GUA_MnBr3,4.14112748213693
i-PA_PhA_NiCl3,4.14122898437002
PhA_i-BuA_CdBr3,4.14126925305695
IM_MA_VBr3,4.14137289647075
EA_FA_VBr3,4.14156121499627
TetraMA_i-PA_TiBr3,4.14164267351852
Cs_AA_CrBr3,4.1417495135758
MA_TiZ_FeCl3,4.14187719963082
i-BuA_MA_FeCl3,4.14195482459561
TriMA_DiMA_ZnI3,4.14223780771499
i-PA_TiZ_FeCl3,4.14261375876175
TriMA_PhA_MnCl3,4.14266490034187
AA_MA_FeCl3,4.14281238463728
FA_i-BuA_TiCl3,4.14295191162282
3-Py_IM_HgCl3,4.1430203837025
Cs_NH4_GaCl3,4.14318557933882
NH4_PhA_PbCl3,4.14325770700808
3-Py_HA_FeCl3,4.14381891154643
TriMA_PhA_CoCl3,4.14390205940557
DiMA_MA_FeCl3,4.14390801837842
EA_MA_FeCl3,4.14390801837842
NH4_i-BuA_PbCl3,4.14397432991487
i-BuA_Py_PbCl3,4.14410467636532
DiMA_Az_FeCl3,4.14413062382501
TetraMA_MA_ZrCl3,4.14414335696166
FM_i-PA_ZnBr3,4.14423561379995
EA_i-PA_MnI3,4.14458296360721
TroP_Py_BaCl3,4.14480061196835
PhA_AA_MgBr3,4.14482697608902
FM_IM_CrCl3,4.14489319665932
TetraMA_TiZ_FeCl3,4.14500494162899
FA_NH4_CrBr3,4.14526020417402
HY_GUA_MnCl3,4.14552213055214
DiMA_Az_HgCl3,4.14555324053132
EA_Az_HgCl3,4.14555324053132
FA_TiZ_HgCl3,4.14556344387469
FM_EA_FeCl3,4.14557590464372
3-Py_TiZ_CoCl3,4.14570099679376
MA_TiZ_HgCl3,4.14580888317198
NH4_MA_VBr3,4.14584656906805
3-Py_DiMA_NiCl3,4.14603390200042
3-Py_EA_NiCl3,4.14603390200042
IM_AA_FeCl3,4.14618171095005
TetraMA_MA_HgCl3,4.1464873844449
3-Py_TriMA_NiCl3,4.1465789502181
FA_TiZ_MnCl3,4.1466561105838
FM_FA_FeCl3,4.1467596449364
Cs_PhA_NiCl3,4.14676477480165
FM_PhA_HgCl3,4.14692744854042
DiMA_AA_HgCl3,4.14699297293629
HY_DiMA_VBr3,4.14724982414731
3-Py_Py_ZnBr3,4.1473034892988
FA_HY_TiCl3,4.14746156946985
AA_Az_PbCl3,4.14747098901282
NH4_TiZ_NiCl3,4.14772951861481
3-Py_i-PA_NiCl3,4.14802420376208
FM_Cs_GaCl3,4.14805255846917
3-Py_Az_HgCl3,4.1481184131805
Py_MA_HgCl3,4.14823109677721
NH4_AA_VBr3,4.14829665796426
3-Py_MA_NiCl3,4.14837005870649
IM_i-BuA_CrBr3,4.14841596178034
EA_HY_CrBr3,4.14847082683078
HY_TiZ_FeCl3,4.14852280660097
HA_Az_FeCl3,4.14865970926079
FM_DiMA_FeCl3,4.1492689753047
3-Py_GUA_HgCl3,4.1493199981476
Cs_AA_NiCl3,4.14943582577101
NH4_IM_SnCl3,4.14949093904586
TriMA_i-PA_MnI3,4.14958087703873
3-Py_FA_ZnBr3,4.14992805415354
FM_TetraMA_VCl3,4.14995678430337
3-Py_PhA_CrCl3,4.15016475085704
DiMA_TroP_BeI3,4.15024213814767
EA_TroP_BeI3,4.15024213814767
FA_NH4_VBr3,4.15156795345851
Cs_AA_VBr3,4.15164714696112
FA_IM_FeCl3,4.15191072373317
EA_TriMA_ZnI3,4.15208124112695
3-Py_NH4_CrCl3,4.15215838903706
Cs_IM_CoCl3,4.15221321338147
HA_HY_VBr3,4.15280582656091
HA_HY_SnCl3,4.15287746641284
FM_GUA_SnCl3,4.15294227161695
TroP_i-BuA_CrCl3,4.15294351664982
TriMA_Az_HgCl3,4.15296418008696
TriMA_TiZ_FeCl3,4.15338866861686
GUA_TiZ_GaCl3,4.15350261286638
IM_MA_HgCl3,4.15356514352276
IM_Az_PbCl3,4.15383464058508
GUA_IM_HgCl3,4.15454986260906
PhA_i-BuA_InCl3,4.1547491117777
TriMA_IM_HgCl3,4.15475734244916
Cs_GUA_FeCl3,4.1548472454519
TroP_Py_ZnCl3,4.15526681971604
FM_i-PA_CrCl3,4.15540341320963
3-Py_MA_HgCl3,4.15605512884297
FA_Az_HgCl3,4.15631915930245
3-Py_TiZ_PbCl3,4.15684855857265
HA_TiZ_FeCl3,4.15712800008642
i-PA_AA_FeCl3,4.15714152101613
HY_Py_FeCl3,4.15744014080958
HY_TiZ_MnCl3,4.15748938694961
Az_MA_FeCl3,4.15770152941651
IM_i-BuA_InCl3,4.15776918483852
HA_TriMA_SnCl3,4.15791115211921
TetraMA_DiMA_ZnI3,4.1580773675499
i-BuA_MA_NiCl3,4.15815207994481
TetraMA_DiMA_HgCl3,4.15829763812259
EA_TetraMA_HgCl3,4.1584629752805
FA_MA_MnCl3,4.15854892453001
TetraMA_GUA_HgCl3,4.15895960244456
TriMA_GUA_PbCl3,4.1591068254037
HA_IM_SnCl3,4.15934848972553
3-Py_AA_ZnBr3,4.1593976547861
i-PA_HY_MnCl3,4.15939964561589
NH4_PhA_ZnBr3,4.15950609136379
i-BuA_AA_NiCl3,4.15968646665965
DiEA_EA_MnBr3,4.15996864367583
i-PA_DiMA_PbCl3,4.16010133653072
TriMA_IM_GaCl3,4.16011444581374
FM_i-BuA_MnCl3,4.16014388176092
TriMA_i-PA_ZrCl3,4.16016073768013
FM_TiZ_CrCl3,4.16026584017722
3-Py_TriMA_PbCl3,4.16029978295068
i-PA_IM_PbCl3,4.16052709962489
HA_IM_FeCl3,4.16072087184198
FA_Az_VBr3,4.16076075682606
TriMA_MA_HgCl3,4.16091330460704
HA_i-PA_SnCl3,4.16113160547984
TriMA_GUA_HgCl3,4.16126743185645
GUA_Az_HgCl3,4.16150160840953
EA_MA_SnCl3,4.16158403159222
HY_DiMA_FeCl3,4.16166948561702
FM_DiEA_MnCl3,4.16217138727526
FA_IM_MnCl3,4.1622310525797
FA_IM_HgCl3,4.16233519800071
NH4_Py_NiCl3,4.16255081359818
FM_PhA_SrBr3,4.1626531773588
HA_GUA_TiCl3,4.16293698599926
NH4_i-PA_NiCl3,4.16300654289163
NH4_MA_MnCl3,4.16325784964475
FA_GUA_SnCl3,4.16334131082416
DiEA_TriMA_NiCl3,4.16338210928801
i-PA_Py_CoCl3,4.16346386728747
HA_NH4_VBr3,4.16349797300761
GUA_TiZ_MnCl3,4.16359477337192
i-PA_DiMA_ZnI3,4.16389454040532
DiEA_PhA_InCl3,4.16405888094227
3-Py_TriMA_HgCl3,4.16415610037388
GUA_TroP_CaBr3,4.16416754165174
FM_TiZ_HgCl3,4.1643035631178
TetraMA_IM_SnCl3,4.16433286714408
DiMA_MA_SnCl3,4.1646161658718
IM_Py_ZnBr3,4.16465182522018
DiEA_i-PA_NiCl3,4.16482736283198
TriMA_TroP_VCl3,4.16486396566236
EA_NH4_NiCl3,4.16515321451334
FA_Cs_MnBr3,4.16550262954895
3-Py_i-PA_HgCl3,4.16560135391786
AA_Az_HgCl3,4.16647146456144
i-PA_PhA_CrBr3,4.16686377541095
HY_TroP_SrBr3,4.16735525391069
FM_Az_CrCl3,4.16742965835783
TetraMA_Az_PbCl3,4.16768216548583
TroP_i-BuA_VCl3,4.16768576248915
TriMA_AA_FeCl3,4.16791643087124
TroP_i-BuA_SnCl3,4.16794616104279
TetraMA_NH4_VBr3,4.1682774449239
DiEA_PhA_NiCl3,4.1682971328026
3-Py_DiEA_MnBr3,4.16839491153859
Az_TiZ_NiCl3,4.16855522016334
EA_NH4_MnCl3,4.16874658385294
3-Py_AA_HgCl3,4.16883708207502
EA_i-PA_ZnI3,4.16884474311404
3-Py_FM_CrCl3,4.16918615195023
FA_AA_FeCl3,4.16964221366305
TriMA_i-PA_HgCl3,4.16974224323953
FM_i-BuA_MgI3,4.16983256764882
EA_HY_VBr3,4.16995786192972
TriMA_HY_MnCl3,4.170174555471
HY_TiZ_HgCl3,4.17042317230154
3-Py_i-BuA_MnBr3,4.1704336503731
FM_FA_NiCl3,4.17052433057858
i-PA_MA_VBr3,4.17077916790894
FA_i-BuA_VBr3,4.17081174389159
GUA_AA_FeCl3,4.17081336823706
AA_Az_FeCl3,4.17087594899097
HA_HY_FeCl3,4.17092131753398
FA_DiMA_CrBr3,4.17097080166965
IM_MA_FeCl3,4.17182896179049
DiEA_MA_HgCl3,4.17190935436864
i-PA_Az_HgCl3,4.17201177384544
IM_i-BuA_FeCl3,4.1723365551556
FM_Py_SrBr3,4.17236524791062
DiMA_MA_NiCl3,4.17258585354842
EA_MA_NiCl3,4.17258585354842
FM_DiMA_SnCl3,4.17269679783972
EA_FA_CrBr3,4.1731542173208
NH4_HY_FeCl3,4.17321985581534
FA_TiZ_SrI3,4.17324743799876
FM_TetraMA_CrCl3,4.17336712300564
3-Py_FA_NiCl3,4.17353192256302
HA_PhA_SnCl3,4.17372420739232
TetraMA_NH4_CrBr3,4.17374461276689
HY_GUA_TiCl3,4.17375979107673
DiMA_IM_HgCl3,4.1738889385497
DiEA_IM_CoCl3,4.17390520654524
3-Py_FM_CoCl3,4.17401645072371
i-PA_PhA_VBr3,4.17406761452976
DiEA_NH4_CoCl3,4.17417832992521
TriMA_Py_CoCl3,4.17423877714258
FA_MA_CrBr3,4.17452193501198
Py_TiZ_GaCl3,4.17459169117308
TetraMA_MA_InCl3,4.17461251769629
EA_PhA_CaI3,4.17464651760766
i-BuA_MA_HgCl3,4.17472669865619
TriMA_MA_VBr3,4.17484071693304
HY_GUA_PbCl3,4.17513792218529
i-PA_IM_GaCl3,4.17518649607858
i-PA_AA_NiCl3,4.17546498910541
3-Py_IM_GaCl3,4.17557230462819
EA_IM_NiCl3,4.17573593764578
FM_Py_CrCl3,4.17574497940629
Py_TiZ_CaBr3,4.17595040616807
Cs_TroP_ZnCl3,4.17604928307226
EA_PhA_MnCl3,4.17607963706346
i-PA_Py_SnCl3,4.17611306467737
FM_GUA_FeCl3,4.17646169952131
Cs_NH4_VBr3,4.17658599800462
EA_FA_SnCl3,4.17668391760619
Az_TiZ_PbCl3,4.17730075523303
HA_NH4_MgI3,4.17739884542302
i-PA_IM_HgCl3,4.17768556047305
HA_DiMA_MnCl3,4.17793645303389
IM_TiZ_ZnBr3,4.17799590626885
FM_TriMA_NiCl3,4.1781714687516
3-Py_EA_PbCl3,4.17823733580758
PhA_TroP_SrCl3,4.17846752588648
FA_Az_FeCl3,4.17859109311263
FM_i-PA_MgI3,4.17863059079307
FM_Py_NiCl3,4.17864677364983
Az_TiZ_GaCl3,4.17885977730267
FA_DiMA_FeCl3,4.17891372998114
FA_TetraMA_NiCl3,4.17899341149851
i-PA_MA_CrBr3,4.17899596404656
TetraMA_HY_InCl3,4.17927459524458
FA_TriMA_FeCl3,4.17931823645777
3-Py_FM_ZnBr3,4.17933484277128
HY_Py_NiCl3,4.17956730440616
EA_TriMA_InCl3,4.17959662238954
FM_i-PA_NiCl3,4.17961672229558
DiMA_GUA_FeCl3,4.17970595806608
EA_GUA_FeCl3,4.17970595806608
DiEA_MA_NiCl3,4.17977034868246
i-PA_MA_HgCl3,4.17996089836552
3-Py_TetraMA_CrBr3,4.18008394925816
3-Py_TetraMA_VBr3,4.18008394925816
3-Py_NH4_NiCl3,4.18013297622498
3-Py_HY_BaBr3,4.18015278546035
GUA_Az_FeCl3,4.18018011989794
3-Py_i-PA_PbCl3,4.18053733560576
GUA_IM_MnCl3,4.18070339201229
HA_Cs_GaCl3,4.18088251982164
DiMA_Py_FeCl3,4.18096742626708
EA_Py_FeCl3,4.18096742626708
DiEA_FA_InCl3,4.18099565088273
NH4_i-BuA_InCl3,4.18100091593658
Py_TiZ_CoCl3,4.18124873007224
HY_GUA_MgI3,4.18127624562709
PhA_i-BuA_CaI3,4.1813495407358
DiEA_HY_MnCl3,4.18137184059696
EA_FA_FeCl3,4.1816293132999
TriMA_DiMA_HgCl3,4.18166759430146
FM_AA_NiCl3,4.1818338807515
TetraMA_Cs_GaCl3,4.18197385858043
AA_Py_FeCl3,4.18225599119861
3-Py_PhA_BaI3,4.18230484732845
TriMA_TetraMA_FeCl3,4.18267138262422
IM_Py_CaBr3,4.18269553979089
PhA_Py_ZnCl3,4.18289876800967
HY_TiZ_NiCl3,4.1830002943784
IM_TiZ_FeCl3,4.18303840779958
TriMA_MA_CrBr3,4.18305751307067
NH4_AA_SnCl3,4.18314832726834
EA_Az_FeCl3,4.18317655069177
TetraMA_AA_PbCl3,4.18346073938367
FM_IM_NiCl3,4.1836173389987
DiEA_HA_FeCl3,4.18398637329058
i-PA_GUA_HgCl3,4.18419564988035
HA_i-PA_FeCl3,4.18435213609608
3-Py_Cs_FeCl3,4.18436557958192
DiEA_GUA_NiCl3,4.1845187139075
TetraMA_i-BuA_HfCl3,4.18465334286968
FM_TriMA_MgI3,4.18469776732421
GUA_IM_FeCl3,4.18471605248012
PhA_GUA_NiCl3,4.184883352402
TriMA_i-PA_ZnI3,4.1849733812975
i-PA_HY_FeCl3,4.18522195835417
NH4_TiZ_MgBr3,4.18539290909716
DiEA_Az_TiCl3,4.18555295678464
TetraMA_i-BuA_TiBr3,4.18565072996009
FA_TiZ_MgBr3,4.18578030293176
FM_TetraMA_NiCl3,4.18603371641653
EA_HA_TiCl3,4.18605642214281
TriMA_AA_NiCl3,4.18623989896052
TriMA_TetraMA_ZnI3,4.18651476657961
DiMA_Az_NiCl3,4.18673971774223
GUA_MA_MnCl3,4.18702763577208
HY_Az_NiCl3,4.18710846058096
i-PA_i-BuA_FeCl3,4.18715866539895
HA_DiMA_NiCl3,4.18718535752993
TriMA_AA_HgCl3,4.18724971841323
TriMA_i-BuA_CdI3,4.18748413212401
HY_TroP_SrI3,4.18772536500279
3-Py_NH4_CoCl3,4.1877521522694
AA_Az_MnCl3,4.18782655034972
EA_AA_HgCl3,4.1881295239995
3-Py_TiZ_ZnBr3,4.18817670360694
TetraMA_i-PA_FeCl3,4.18888292486473
EA_TiZ_FeCl3,4.18895818476654
GUA_IM_GaCl3,4.18927155069965
FA_Az_MnCl3,4.18960348404413
DiEA_MA_FeCl3,4.1896388760959
IM_TiZ_GaCl3,4.18977232485689
DiMA_TiZ_NiCl3,4.18980903281113
EA_TiZ_NiCl3,4.18980903281113
TetraMA_Az_FeCl3,4.18993251103068
TriMA_PhA_CrBr3,4.18993499813867
Cs_PhA_MnCl3,4.18994837476588
i-BuA_MA_ZnI3,4.19004202194061
FM_TetraMA_MgI3,4.19018744731951
3-Py_Az_CoCl3,4.1905617562831
AA_TiZ_FeCl3,4.19063523842647
DiMA_TiZ_GaCl3,4.19074292468838
PhA_MA_CaI3,4.19101446667018
EA_TiZ_GaCl3,4.19155810749863
FA_Py_HgCl3,4.19176364759258
NH4_AA_ZnBr3,4.19177731686505
EA_TriMA_HgCl3,4.19183228303234
HA_TriMA_FeCl3,4.19199959598216
NH4_MA_CrBr3,4.19223636214486
HA_Az_SnCl3,4.19233932766209
FA_HA_TiCl3,4.19251243274404
HY_TroP_BaI3,4.19279161753963
i-PA_Az_NiCl3,4.19287286212473
3-Py_IM_MgBr3,4.19306482940983
HY_TiZ_SnCl3,4.19309044729545
FM_HA_ZnBr3,4.19324925144529
EA_i-PA_HgCl3,4.19327753657631
HA_AA_FeCl3,4.19343890495119
FM_DiMA_NiCl3,4.19389091623838
FA_Py_NiCl3,4.1939194914737
i-PA_GUA_PbCl3,4.19395686034461
3-Py_Py_GaCl3,4.19417288253221
GUA_Az_MnCl3,4.19431482114083
Cs_HY_CrI3,4.19436624867024
3-Py_MA_CrCl3,4.1945176611477
HY_IM_HgCl3,4.19468809096685
NH4_Az_NiCl3,4.19485787918179
TriMA_DiMA_InCl3,4.19494902737206
IM_Az_ZnBr3,4.19513289334605
GUA_TiZ_PbCl3,4.19563259594233
DiEA_HY_NiCl3,4.19572085161738
TetraMA_AA_HgCl3,4.19582291745039
TriMA_HY_FeCl3,4.19599686820928
TetraMA_GUA_FeCl3,4.19702185793664
DiMA_AA_SnCl3,4.19714750492758
EA_AA_SnCl3,4.19714750492758
TetraMA_i-PA_NiCl3,4.19736572881222
GUA_Py_NiCl3,4.19765999161449
i-BuA_Az_CoCl3,4.19810838135114
Az_TiZ_ZnBr3,4.1981905277369
IM_AA_HgCl3,4.19839174780709
GUA_TiZ_HgCl3,4.19846793997144
3-Py_IM_CoCl3,4.19911902246099
TriMA_HY_SnCl3,4.19980831480082
i-PA_DiMA_HgCl3,4.20077091245384
FA_i-BuA_MnBr3,4.20098172195145
HY_Az_SnCl3,4.20124312807947
FM_PhA_CrCl3,4.2014118017651
i-PA_MA_FeCl3,4.20146302881871
DiEA_HA_PbCl3,4.20161868411371
FA_PhA_SnCl3,4.2017444650422
TriMA_GUA_SnCl3,4.20188353720012
FM_GUA_NiCl3,4.20190225234753
HY_IM_VBr3,4.20190465778017
EA_Az_NiCl3,4.20204336996132
HA_TetraMA_FeCl3,4.20209625098001
3-Py_HA_NiCl3,4.2022559698803
HY_IM_SnCl3,4.20357479601209
TriMA_Az_NiCl3,4.20364777197984
NH4_DiMA_NiCl3,4.20394771191318
GUA_IM_CaI3,4.20434304480705
PhA_Az_PbCl3,4.20485784639907
HA_DiMA_FeCl3,4.20499987300659
TetraMA_NH4_CoCl3,4.2053550207877
EA_DiMA_VBr3,4.20545141153054
GUA_MA_FeCl3,4.20617640123997
HA_GUA_MgI3,4.20619402086798
i-PA_IM_NiCl3,4.20670750471678
HY_AA_FeCl3,4.20684474736944
3-Py_HY_HgCl3,4.20701986064016
FM_i-BuA_PbCl3,4.20713495826363
FM_FA_SnCl3,4.20733236750463
i-PA_i-BuA_CdI3,4.20741235213112
i-PA_GUA_FeCl3,4.20747476178892
FA_NH4_FeCl3,4.20773897629095
DiEA_DiMA_CrBr3,4.20856597885418
DiEA_EA_CrBr3,4.20856597885418
PhA_i-BuA_NiCl3,4.20875117521196
TriMA_Py_HgCl3,4.20918831777656
3-Py_i-BuA_FeCl3,4.20964773515189
FA_Cs_CrBr3,4.20967377320656
3-Py_NH4_ZnBr3,4.20967568539154
Cs_TroP_CdCl3,4.20974861332989
EA_AA_FeCl3,4.20991525730906
MA_TiZ_NiCl3,4.20992833123759
HA_Py_FeCl3,4.20999897716328
i-PA_AA_HgCl3,4.21017793643712
i-BuA_MA_MnBr3,4.21040933702433
TriMA_PhA_VBr3,4.21080141212595
Cs_TroP_CoCl3,4.21106276362883
Cs_i-PA_GaCl3,4.21107647467706
Cs_TroP_MgCl3,4.21115181344156
FM_TetraMA_ZnBr3,4.21139980477711
TroP_AA_BaBr3,4.21172423631692
NH4_GUA_FeCl3,4.21217314079716
TriMA_MA_FeCl3,4.21223793867382
Az_Py_GaCl3,4.21234144030635
PhA_MA_CoCl3,4.21238147606212
EA_i-PA_InCl3,4.21268285763984
Cs_Az_NiCl3,4.21289295071259
DiEA_NH4_HgCl3,4.21322951750366
DiMA_IM_NiCl3,4.21330484820986
HY_IM_NiCl3,4.21333859120604
i-PA_i-BuA_TiBr3,4.21361336879414
EA_DiMA_CrBr3,4.21366820766817
Az_Py_PbCl3,4.21390159233313
DiEA_i-PA_FeCl3,4.2145973401159
HA_i-PA_MnCl3,4.21460818969561
HA_IM_NiCl3,4.21495345528658
FM_NH4_FeCl3,4.21522203211206
HA_TiZ_NiCl3,4.21542697225763
Cs_Az_CrCl3,4.21555683128173
TetraMA_TroP_ZnCl3,4.21564561273008
AA_Az_NiCl3,4.21592729459785
FM_i-BuA_BaI3,4.21609872794488
DiMA_AA_FeCl3,4.21613721621127
FA_MA_NiCl3,4.2162814909461
Cs_TroP_CaCl3,4.21665527736745
DiEA_Az_NiCl3,4.21670251007791
PhA_GUA_CrCl3,4.21687080848909
Cs_HY_CrBr3,4.21698012797878
FA_HY_VBr3,4.21698061031932
FA_TriMA_CrBr3,4.21705351622205
i-PA_DiMA_ZrCl3,4.21727811903998
TriMA_i-BuA_TiBr3,4.21753425311344
GUA_MA_SnCl3,4.21797833075654
3-Py_DiEA_FeCl3,4.21798944816565
FA_AA_HgCl3,4.21812414820291
TriMA_GUA_FeCl3,4.21824967164403
DiEA_AA_CoCl3,4.218363625563
FA_i-PA_CrBr3,4.21849876976602
FA_Py_ZnBr3,4.21887709254911
EA_TetraMA_FeCl3,4.21889822808929
HA_TetraMA_VBr3,4.21892942985611
FM_DiEA_BaI3,4.21902660025534
FA_IM_CrBr3,4.21922820578209
FA_DiMA_HgCl3,4.21925443342823
HA_TroP_GaCl3,4.21930654048699
TriMA_TiZ_ZnBr3,4.21931027620245
HA_TiZ_SnCl3,4.21946211667078
GUA_Py_HgCl3,4.21949042480417
HY_MA_MnCl3,4.21956283257557
HY_AA_NiCl3,4.21961031494762
IM_Py_CoCl3,4.21965699254026
TetraMA_HY_FeCl3,4.21965724092726
FA_i-PA_FeCl3,4.21980941686851
TetraMA_AA_NiCl3,4.2198909892057
NH4_Az_ZnBr3,4.21995612461672
3-Py_GUA_NiCl3,4.22025339720241
FM_TriMA_VCl3,4.22027838395604
FM_MA_SnCl3,4.22040483349137
FM_i-BuA_SnCl3,4.22056119295171
IM_Py_HgCl3,4.22065086324251
DiEA_Py_InCl3,4.22071074641955
3-Py_Cs_GaCl3,4.22076245309548
HA_TetraMA_CrBr3,4.22089461277266
HA_Py_NiCl3,4.22096051457014
DiEA_Az_PbCl3,4.22109000709708
FA_TiZ_VBr3,4.22110094493983
HA_DiMA_CrBr3,4.2213394880431
FA_i-BuA_SnCl3,4.22145915810544
FA_TiZ_GaCl3,4.22190477373614
HY_Az_HgCl3,4.22208176795015
AA_Py_ZnBr3,4.22267527262737
PhA_MA_HgCl3,4.22275863875135
Cs_Az_GaCl3,4.22286358653822
GUA_MA_NiCl3,4.22326044444682
i-PA_TiZ_NiCl3,4.22351998137241
FA_Cs_VBr3,4.22364549671561
FA_GUA_HgCl3,4.22371869698241
HA_TroP_BeBr3,4.22389690673256
TetraMA_HY_MnBr3,4.22395140333511
Py_TiZ_BeBr3,4.22424193110966
DiEA_DiMA_NiCl3,4.22430221984264
DiEA_EA_NiCl3,4.22430221984264
NH4_IM_ZnBr3,4.22450128192402
EA_HY_MnCl3,4.22455210921298
GUA_AA_HgCl3,4.22474169311455
PhA_TroP_ZnCl3,4.22520875340269
TetraMA_DiMA_FeCl3,4.22540926534006
DiEA_GUA_InCl3,4.22570591498952
TriMA_i-PA_FeCl3,4.22577559503888
FA_IM_VBr3,4.22612831354693
PhA_MA_PbCl3,4.22616458225582
NH4_PhA_CrCl3,4.22623433432906
DiEA_DiMA_MnBr3,4.22656313026033
HY_DiMA_NiCl3,4.22695847603189
i-BuA_Az_ZnI3,4.22718751391979
Cs_MA_TiBr3,4.22730507204494
GUA_MA_HgCl3,4.2273870685717
i-BuA_Az_HgCl3,4.22741599091504
3-Py_FM_HgCl3,4.22775506755794
GUA_TiZ_CrBr3,4.22870448214261
AA_MA_HgCl3,4.22881030682901
EA_FA_HgCl3,4.22881030682901
HY_AA_HgCl3,4.22881726957178
TriMA_IM_ZnBr3,4.22888727086658
Cs_DiMA_CoCl3,4.22900353982669
i-BuA_Py_CaI3,4.22927749984287
Cs_PhA_CoCl3,4.22980458928816
DiEA_IM_InCl3,4.22987724885177
DiEA_i-BuA_NiCl3,4.22995162880309
HY_i-BuA_InCl3,4.23020960560639
TetraMA_TiZ_ZnBr3,4.23027484743142
FA_IM_GaCl3,4.23027932039305
TriMA_DiMA_ZrCl3,4.23041023658638
FM_Cs_TiBr3,4.23070687955409
DiMA_AA_CrBr3,4.23074153183095
EA_AA_CrBr3,4.23074153183095
PhA_DiMA_ZnBr3,4.23076754195823
i-BuA_MA_CoCl3,4.23082147903678
PhA_GUA_HgCl3,4.23106378004005
NH4_PhA_VCl3,4.2311073117904
PhA_DiMA_PbCl3,4.2313880520399
i-BuA_Az_CdI3,4.23140487074613
TriMA_NH4_CoCl3,4.23147834753195
DiEA_DiMA_VBr3,4.23158621484949
NH4_i-BuA_VBr3,4.23191180650148
i-PA_Py_HgCl3,4.23211653580045
DiEA_HA_MnCl3,4.23217357294153
FA_TiZ_CrBr3,4.23241330063096
PhA_TroP_SnCl3,4.23241755677261
NH4_IM_MgBr3,4.23242467384006
GUA_TiZ_VBr3,4.23257006010475
FA_Cs_ZnBr3,4.23283953221611
HY_IM_CrBr3,4.23290099673105
Py_MA_CoCl3,4.23299911668683
EA_Py_ZnBr3,4.23302362195357
FA_HY_CrBr3,4.2332876579785
EA_DiMA_FeCl3,4.23344775521666
TetraMA_TroP_SrBr3,4.23368106937543
DiEA_EA_VBr3,4.23379057212694
FA_MA_SnCl3,4.23389588364447
PhA_IM_HgCl3,4.23394324568988
FA_IM_NiCl3,4.23402109090365
Az_Py_CaI3,4.23426771042714
EA_Cs_FeCl3,4.23432873015403
i-PA_DiMA_InCl3,4.23436993841289
TetraMA_PhA_NiCl3,4.2343866571264
IM_MA_NiCl3,4.23444141096774
FM_TiZ_NiCl3,4.23467412482619
HA_AA_HgCl3,4.23471668321694
TriMA_TroP_BaI3,4.23537056974962
DiEA_HY_CrBr3,4.23568124399786
DiMA_Py_ZnBr3,4.23570697432254
Cs_Py_NiCl3,4.23579787307402
HA_Cs_CrI3,4.23585307050113
TetraMA_NH4_HgCl3,4.23589355067026
HA_DiMA_SnCl3,4.23619923916981
i-BuA_TiZ_HgCl3,4.23624699335223
HA_Py_HgCl3,4.23636206951884
FA_NH4_MnCl3,4.2365953376876
DiMA_GUA_HgCl3,4.23673533728963
EA_GUA_HgCl3,4.23673533728963
PhA_Az_BeI3,4.23766137133446
FM_EA_NiCl3,4.23773214962925
NH4_MA_FeCl3,4.23777334943433
FA_MA_VBr3,4.23793425364147
DiEA_i-BuA_MnCl3,4.23879471185757
TriMA_TetraMA_MnBr3,4.23916620640251
HA_TiZ_HgCl3,4.23931948269767
GUA_i-BuA_VBr3,4.23946783789149
DiEA_DiMA_HgCl3,4.23952264795058
DiEA_EA_HgCl3,4.23952264795058
DiEA_MA_ZnI3,4.23955328196341
FM_DiEA_SnCl3,4.23980299898207
EA_TriMA_ZrCl3,4.24012486764427
NH4_TroP_BaCl3,4.24020461219298
FM_TetraMA_HgCl3,4.24025208431985
HA_IM_VBr3,4.24032431634186
HA_i-BuA_PbCl3,4.24036046834418
3-Py_AA_NiCl3,4.24104622495151
NH4_i-BuA_CrBr3,4.24116978812376
HA_TriMA_VBr3,4.2412272742165
EA_i-PA_ZrCl3,4.24157012118825
DiEA_NH4_PbCl3,4.24166041646066
GUA_TiZ_SrI3,4.2417915783301
Cs_Az_MnCl3,4.24190470639435
EA_Py_NiCl3,4.24207000619076
DiMA_Py_NiCl3,4.24221790777819
HA_HY_MgI3,4.24224889625356
HA_i-PA_VBr3,4.24267252776047
HA_DiMA_VBr3,4.24282652314205
EA_HY_SnCl3,4.24289978144603
FM_DiEA_MgI3,4.24294318899044
HA_AA_NiCl3,4.24322565196095
HY_TroP_GaCl3,4.24325429694871
HY_DiMA_HgCl3,4.24337505667394
TetraMA_i-PA_MnBr3,4.24364618831611
AA_MA_NiCl3,4.24394053867408
Cs_TiZ_BaBr3,4.2442191064266
TriMA_TiZ_GaCl3,4.2442513077284
i-PA_IM_ZnBr3,4.24432204465471
HA_TetraMA_NiCl3,4.24433805969394
HA_TriMA_CrBr3,4.24441738102308
EA_HA_CrBr3,4.24485655746788
PhA_AA_HgCl3,4.24490093601963
DiEA_MA_VBr3,4.2452364907675
HA_i-PA_CrBr3,4.24586263456706
i-BuA_Az_TiCl3,4.24647947960366
TriMA_Az_PbCl3,4.24649412164127
DiEA_i-PA_TiCl3,4.2468054617018
NH4_IM_HgCl3,4.24685689606078
IM_i-BuA_CoCl3,4.24694167047978
FM_Py_HgCl3,4.24701385465329
i-PA_TroP_BaI3,4.24737082581293
TroP_MA_BaCl3,4.24780747964181
HA_Cs_ZnI3,4.2482259622636
TetraMA_Cs_FeCl3,4.24825632629513
FM_PhA_VCl3,4.24841917844834
FM_Az_CoCl3,4.24842505527704
DiEA_TriMA_TiCl3,4.24845372743164
i-BuA_Az_InCl3,4.24861338975306
FM_TriMA_CoCl3,4.24871266248745
FM_IM_GaCl3,4.24884922131061
IM_TiZ_NiCl3,4.24900729348694
Az_MA_NiCl3,4.24907641241658
FM_TroP_HgCl3,4.24912795439805
Cs_AA_MnBr3,4.24915802170155
TriMA_i-BuA_FeCl3,4.24920991146087
i-PA_HY_VBr3,4.24932916591657
TetraMA_Cs_NiCl3,4.24941999131081
FA_MA_HgCl3,4.24946333006182
PhA_DiMA_HgCl3,4.24983701184083
NH4_IM_CoCl3,4.24987965266488
FM_i-PA_CoCl3,4.25015791603142
i-PA_MA_NiCl3,4.25016335203605
FA_Py_CoCl3,4.25066275378558
DiMA_MA_HgCl3,4.25081905610006
EA_MA_HgCl3,4.25081905610006
TriMA_TetraMA_NiCl3,4.25097148415317
FM_IM_CoCl3,4.25102319289736
HA_IM_GaCl3,4.25131840649931
HY_PhA_SnCl3,4.25200955790965
PhA_Py_GeCl3,4.25212213155814
HY_PhA_HgCl3,4.25215041608862
IM_AA_NiCl3,4.25218854070893
IM_TiZ_CoCl3,4.25273876081117
NH4_TiZ_GaCl3,4.25289636290933
NH4_TiZ_BeI3,4.25293358224495
DiEA_MA_CoCl3,4.25305309186795
FA_TetraMA_PbCl3,4.25310360296532
DiMA_TiZ_ZnBr3,4.25316087217288
EA_TiZ_ZnBr3,4.25316087217288
PhA_TiZ_PbCl3,4.25331411942996
TriMA_HY_VBr3,4.25339071494067
NH4_TiZ_CoCl3,4.25353070730374
i-PA_TiZ_ZnBr3,4.25357877490859
3-Py_HY_NiCl3,4.25366578390702
FM_TriMA_HgCl3,4.25371439593355
DiEA_i-BuA_FeCl3,4.25385070861958
HA_DiMA_HgCl3,4.25414971105346
DiEA_Cs_ZnBr3,4.25440940055787
HA_TriMA_HgCl3,4.25465913342073
EA_HA_SnCl3,4.25475796750056
Cs_IM_CrCl3,4.25478052402958
i-PA_TiZ_CoCl3,4.25494640310685
FM_i-PA_HgCl3,4.25515964947752
DiEA_TriMA_CoCl3,4.25537308139039
HY_GUA_FeCl3,4.25607223194129
HA_i-PA_HgCl3,4.2561043869647
HA_TiZ_MnCl3,4.25612027503166
TetraMA_GUA_PbCl3,4.25619397853791
GUA_AA_MnCl3,4.25641994458968
AA_TiZ_NiCl3,4.25661686677928
FA_TriMA_NiCl3,4.25704278299173
HA_MA_FeCl3,4.25718546283592
3-Py_Py_CaBr3,4.25736361917608
DiEA_Az_CdI3,4.25750925711077
EA_TroP_BaI3,4.25756329845391
DiEA_i-PA_CoCl3,4.25771707842852
DiEA_MA_PbCl3,4.25867180043266
GUA_Py_GaCl3,4.25899056948939
FA_Py_GaCl3,4.25932039338142
DiMA_IM_CoCl3,4.2596211642916
NH4_DiMA_HgCl3,4.25981853188905
GUA_Py_CoCl3,4.26011663809515
Cs_i-PA_CoCl3,4.26067887020074
PhA_Py_BaCl3,4.26072842532821
HA_AA_MnCl3,4.26076502837202
HY_AA_MnCl3,4.26076502837202
TriMA_MA_NiCl3,4.26093826189116
HA_TetraMA_HgCl3,4.26125456781954
3-Py_TetraMA_MnCl3,4.26132183903089
Cs_AA_CoCl3,4.26142388632624
FM_TetraMA_CoCl3,4.26183022155189
i-PA_HY_SnCl3,4.2618481318177
i-BuA_Py_HgCl3,4.26185630889836
FM_EA_HgCl3,4.26192499008494
PhA_Py_SrBr3,4.26212087836492
3-Py_FA_CoCl3,4.26234977459651
NH4_TiZ_ZnBr3,4.26241826833385
TetraMA_Az_MnBr3,4.26256850681977
i-PA_GUA_VBr3,4.26311105285531
HY_TiZ_GaCl3,4.26324090475113
DiEA_MA_CrBr3,4.26347274298659
TetraMA_DiMA_PbCl3,4.26358174013171
FM_FA_CrCl3,4.26367244614474
HA_IM_CrBr3,4.26367821599555
3-Py_FM_VCl3,4.26384088332773
Cs_HY_FeCl3,4.26392129437098
FM_AA_HgCl3,4.26395060690039
NH4_Py_CoCl3,4.26418899443303
HY_MA_FeCl3,4.2645336239202
FA_TiZ_BaI3,4.26497198937929
i-BuA_MA_PbCl3,4.26567348003428
TriMA_TiZ_CoCl3,4.26572131296196
FM_DiMA_GaCl3,4.2658027446472
FM_EA_GaCl3,4.2658027446472
HY_DiMA_SnCl3,4.26585089891418
IM_AA_PbCl3,4.2660696478968
GUA_IM_NiCl3,4.26633632332739
EA_HA_VBr3,4.26634359256683
NH4_HY_MnCl3,4.26635063662251
TriMA_TiZ_NiCl3,4.26655333488993
FM_DiMA_CrCl3,4.26660232944568
FM_EA_CrCl3,4.26660232944568
EA_HA_NiCl3,4.26669788743733
HY_TiZ_VBr3,4.26677456053881
TriMA_GUA_VBr3,4.26717260187942
Cs_IM_TiCl3,4.26749362075649
IM_AA_GaCl3,4.26757359928715
HA_HY_CrBr3,4.2677393233706
3-Py_DiMA_CoCl3,4.26778221795683
FA_TriMA_VBr3,4.26783547955069
3-Py_TroP_ZnCl3,4.26800957379395
TroP_Az_BaBr3,4.26802227849566
HA_AA_CrBr3,4.26820781643551
DiEA_TetraMA_CdI3,4.26848839503846
NH4_HY_CrBr3,4.26858641139864
3-Py_i-BuA_TiCl3,4.26884508568228
TroP_MA_CrCl3,4.26894956631165
TroP_AA_BaI3,4.26910139393232
FA_i-PA_VBr3,4.26928073309466
HA_MA_MnCl3,4.26930068211169
MA_TiZ_CoCl3,4.27062276352512
EA_TriMA_FeCl3,4.27114175038609
i-PA_HY_CrBr3,4.27115513717336
Cs_IM_VCl3,4.27134656972925
3-Py_TriMA_VBr3,4.27155756612153
FA_AA_NiCl3,4.27164254070177
GUA_AA_NiCl3,4.27171806153465
3-Py_HA_CoCl3,4.27201578971077
GUA_Az_CrBr3,4.27205449384987
HA_Az_GaCl3,4.27207932337855
EA_IM_CoCl3,4.2722329303074
EA_TetraMA_PbCl3,4.27240504852899
EA_i-PA_FeCl3,4.27258700393006
Cs_PhA_GeCl3,4.27261138617505
DiEA_FA_PbCl3,4.27279753920371
3-Py_MA_VCl3,4.27280775428303
AA_TiZ_CaI3,4.27296904648976
GUA_Az_VBr3,4.27313576918928
HA_TiZ_SrI3,4.27318615610803
DiEA_TriMA_CrCl3,4.27335967585888
FM_GUA_CrCl3,4.27356696621262
Cs_DiMA_TiBr3,4.27368735143918
DiEA_TetraMA_CrCl3,4.27377377041783
GUA_Py_PbCl3,4.27379759721036
3-Py_NH4_BaI3,4.27388057917171
DiEA_DiMA_PbCl3,4.27390397607308
TetraMA_MA_FeCl3,4.27422236228903
FM_AA_CrCl3,4.27427342880474
3-Py_GUA_CoCl3,4.27433360965429
PhA_Az_ZnBr3,4.27472821167917
NH4_Az_CoCl3,4.27507430585854
FM_MA_NiCl3,4.27517661336426
TriMA_HY_CrBr3,4.27521668619747
FM_i-PA_VCl3,4.27537871802081
PhA_IM_BaCl3,4.27544925048273
GUA_IM_PbCl3,4.27576953300631
GUA_Az_NiCl3,4.27628884271369
i-PA_Az_CoCl3,4.27629611622498
FA_TiZ_NiCl3,4.27651994085995
HA_Az_VBr3,4.27660728703115
FM_HY_FeCl3,4.2770509379864
TriMA_IM_NiCl3,4.27729971215335
TetraMA_IM_PbCl3,4.27743829899037
NH4_i-PA_HgCl3,4.27758242242359
HA_Az_CrBr3,4.27770292077229
FM_MA_CoCl3,4.27777266030917
3-Py_i-PA_VBr3,4.27779957742125
3-Py_HA_HgCl3,4.27810354640155
TetraMA_i-BuA_FeCl3,4.27841951357961
TriMA_Cs_FeCl3,4.27850280501385
i-PA_GUA_CrBr3,4.27865060829487
HY_Az_CoCl3,4.27894113688593
FA_DiMA_NiCl3,4.27899070178605
PhA_TiZ_HgCl3,4.27935422037313
3-Py_HY_CoCl3,4.27936395079505
FA_i-PA_NiCl3,4.27974527303189
3-Py_EA_CoCl3,4.27991085842395
TriMA_Cs_GaCl3,4.27992923439918
DiEA_Az_VBr3,4.28017758614642
IM_i-BuA_MnCl3,4.28018404743292
i-PA_HY_NiCl3,4.28022138295214
DiMA_GUA_NiCl3,4.28061065136367
EA_GUA_NiCl3,4.28061065136367
EA_HY_FeCl3,4.28070477328661
HY_AA_CrBr3,4.28110281285247
GUA_MA_CrBr3,4.28130125313741
TroP_MA_BeBr3,4.28144656054848
TetraMA_MA_NiCl3,4.28152120751599
DiMA_AA_VBr3,4.28152349515959
EA_AA_VBr3,4.28152349515959
HA_TriMA_NiCl3,4.28158954810775
EA_FA_NiCl3,4.28170628510481
3-Py_TriMA_CrBr3,4.2825046773353
TriMA_GUA_CrBr3,4.28271215731898
FM_HA_TiCl3,4.28275521272828
HY_IM_CoCl3,4.28297541882794
HA_i-PA_NiCl3,4.28303480165172
i-PA_DiMA_FeCl3,4.28305131869079
FM_MA_CrCl3,4.28316777422488
Cs_DiMA_VBr3,4.28350944242207
TroP_Az_ZnCl3,4.28383148793859
HA_PhA_NiCl3,4.28394969083114
TetraMA_PhA_GaCl3,4.28400595275525
NH4_i-PA_CoCl3,4.28433441986593
GUA_Az_MgI3,4.28452893809509
DiEA_HY_HgCl3,4.28513065498604
HA_TiZ_CrBr3,4.28518029151344
FM_Az_VCl3,4.28529888370322
DiMA_TroP_BaI3,4.28537236592651
IM_TiZ_CaBr3,4.2855959197956
TriMA_AA_PbCl3,4.28574466913861
PhA_TiZ_ZnBr3,4.28584898917097
3-Py_MA_ZnBr3,4.28634886582529
EA_NH4_CoCl3,4.28648109148763
TetraMA_MA_MnBr3,4.28649312271016
DiEA_Az_ZnI3,4.28655081542679
TriMA_Az_CoCl3,4.28707102608009
GUA_TiZ_NiCl3,4.28720430026148
HA_Az_NiCl3,4.28837114287959
3-Py_i-PA_CrBr3,4.28874668863502
3-Py_TriMA_CoCl3,4.28891036531622
FA_GUA_CrBr3,4.28913362671362
DiMA_i-BuA_ZnI3,4.28917321581301
EA_i-BuA_ZnI3,4.28917321581301
HA_AA_VBr3,4.28969485153446
i-BuA_MA_VBr3,4.29013233151525
TriMA_HY_HgCl3,4.29030445019678
3-Py_i-PA_CoCl3,4.29035561886019
GUA_MA_CoCl3,4.29056583460987
FM_TiZ_GaCl3,4.29071460787403
FM_GUA_CoCl3,4.29077468568764
HY_TiZ_CrBr3,4.29083194511441
GUA_IM_CrBr3,4.29089439779546
GUA_IM_VBr3,4.29094792729869
TriMA_HY_NiCl3,4.29099629280726
HY_AA_CoCl3,4.29101808182173
HA_GUA_MnCl3,4.2916445713013
DiEA_TriMA_MnCl3,4.29173176231649
EA_Cs_NiCl3,4.2917862285769
Cs_IM_MnBr3,4.29178896252569
TroP_MA_BaBr3,4.29180401965596
NH4_Az_HgCl3,4.29208909644225
TriMA_i-PA_NiCl3,4.2923478836974
3-Py_MA_CoCl3,4.29235028834133
FA_Az_NiCl3,4.29241029887804
DiEA_MA_InCl3,4.29268759555029
FA_HY_MnCl3,4.29299958697703
i-BuA_AA_HgCl3,4.29364230767579
TetraMA_TiZ_CoCl3,4.29375677205602
TriMA_DiMA_FeCl3,4.2938262285459
FM_DiEA_FeCl3,4.29452285885488
NH4_Py_GaCl3,4.2946640402393
TetraMA_GUA_NiCl3,4.2947510291952
FA_i-BuA_FeCl3,4.29505370297419
i-PA_i-BuA_CoCl3,4.29519407554724
TroP_Az_BeCl3,4.29594323347253
i-PA_Az_PbCl3,4.2959892898489
NH4_TiZ_SrI3,4.29661980140665
DiEA_TriMA_CdI3,4.29701769945603
DiEA_TiZ_HgCl3,4.29751108665342
HA_NH4_CrBr3,4.29760911205681
EA_TriMA_NiCl3,4.29778562551491
TetraMA_TroP_BaCl3,4.29804209388114
TetraMA_Az_NiCl3,4.29828324764024
3-Py_GUA_VCl3,4.29850022257981
NH4_MA_MgI3,4.29914204694324
EA_i-PA_NiCl3,4.29923087905889
HY_TroP_BaBr3,4.29935580294711
DiEA_i-PA_MnCl3,4.29945378569166
3-Py_Az_ZnBr3,4.29957140563334
DiEA_HA_CrBr3,4.30014027237014
3-Py_i-BuA_CrBr3,4.30110895971935
3-Py_i-BuA_VBr3,4.30110895971935
DiMA_i-BuA_FeCl3,4.3011348306235
PhA_Az_SrI3,4.30138354823542
EA_Cs_GaCl3,4.30182238683673
HA_Cs_TiBr3,4.30205556050958
Cs_Az_CoCl3,4.30249339347194
3-Py_TiZ_BaI3,4.30253299204068
DiEA_TriMA_HgCl3,4.30256091355693
HY_AA_VBr3,4.30258984795141
TroP_MA_VCl3,4.30259958246523
DiMA_i-BuA_ZrCl3,4.30334781942887
EA_i-BuA_ZrCl3,4.30334781942887
TriMA_NH4_HgCl3,4.30355761117796
GUA_MA_VBr3,4.30359731987872
Cs_AA_TiBr3,4.30368364614278
Cs_Py_CoCl3,4.30373796268045
DiEA_i-PA_HgCl3,4.3040061671009
i-PA_GUA_NiCl3,4.30451283359764
TriMA_Py_ZnBr3,4.3047040911538
FM_AA_CoCl3,4.30481616747653
FM_Cs_CrBr3,4.3049732773907
EA_HY_HgCl3,4.30536094781248
HA_Cs_FeCl3,4.30569598135661
FA_TiZ_BaBr3,4.30573092184553
TetraMA_IM_CoCl3,4.30577792626555
FM_TiZ_CoCl3,4.30611602634469
EA_HY_NiCl3,4.30647100593929
FA_TiZ_CoCl3,4.30693950899515
EA_IM_ZnBr3,4.30768512915319
DiEA_i-BuA_TiCl3,4.30774890223036
FM_Py_CoCl3,4.30775438825396
TriMA_i-BuA_CoCl3,4.30812060718544
i-BuA_MA_CrBr3,4.30836858373433
GUA_i-BuA_PbCl3,4.30842137926659
DiEA_TetraMA_VCl3,4.30859895710111
HA_TiZ_BaI3,4.30887539485652
3-Py_PhA_PbCl3,4.30887735295483
MA_TiZ_GaCl3,4.30916543528686
i-PA_HY_HgCl3,4.30935204395526
i-PA_DiMA_NiCl3,4.30969519381962
EA_i-BuA_FeCl3,4.30983345369174
FM_Cs_MgI3,4.3100214178005
TetraMA_HY_NiCl3,4.3100603302809
3-Py_GUA_ZnBr3,4.31010159253652
PhA_MA_CaCl3,4.31023702072633
HA_Az_ZnBr3,4.31046638749487
IM_Az_CoCl3,4.31048852000578
FM_Py_BeI3,4.31091171888199
DiEA_DiMA_CoCl3,4.31108781150013
DiEA_EA_CoCl3,4.31108781150013
FM_TroP_CaCl3,4.31111518953644
EA_HA_HgCl3,4.31126036145764
FM_HA_FeCl3,4.31130402932439
HA_TroP_BeI3,4.3113422052115
HA_MA_NiCl3,4.31147755126898
FM_i-BuA_FeCl3,4.31174470161888
FM_FA_CoCl3,4.31190452706818
FA_GUA_VBr3,4.31209285221118
DiEA_TetraMA_HgCl3,4.31254078166366
EA_HA_FeCl3,4.31280160999641
HA_AA_CoCl3,4.31291600908608
FM_TiZ_BaBr3,4.31304826461638
3-Py_TiZ_BeBr3,4.31314556044035
TroP_AA_BeI3,4.31329274656139
Az_Py_CoCl3,4.31341469038536
HA_TiZ_MgBr3,4.31349783048076
AA_Py_NiCl3,4.31365681324795
TetraMA_MA_TiCl3,4.31386079721792
DiEA_i-PA_CdI3,4.31386576539642
FM_DiMA_BaI3,4.31455438899673
FM_TetraMA_CaI3,4.31456469164231
DiEA_HY_CrCl3,4.31521025862174
TriMA_GUA_NiCl3,4.31528774345275
HA_TiZ_VBr3,4.31532144976994
TetraMA_AA_CoCl3,4.31635408559632
HY_TiZ_CoCl3,4.31644961564224
IM_AA_CoCl3,4.31663977999224
DiMA_GUA_VBr3,4.31675090034755
EA_GUA_VBr3,4.31675090034755
FM_DiMA_CoCl3,4.31708861894326
FM_EA_CoCl3,4.31708861894326
AA_Az_CoCl3,4.31715548510096
HA_PhA_CoCl3,4.31756351420186
3-Py_Py_BaI3,4.31762133201652
PhA_GUA_PbCl3,4.31764580273948
EA_TetraMA_MnBr3,4.31778256188595
NH4_AA_CoCl3,4.3179274278032
TetraMA_DiMA_MnBr3,4.3180716402345
MA_TiZ_ZnBr3,4.31828372867583
HA_TetraMA_CoCl3,4.3185919144681
FM_TetraMA_SrI3,4.3192790576425
3-Py_AA_CoCl3,4.31942257753691
DiEA_TiZ_ZnBr3,4.31951688459697
Az_MA_CoCl3,4.31957580118408
FA_HY_FeCl3,4.31968404831895
HA_AA_SnCl3,4.31972951217967
FM_EA_BaI3,4.31994507029993
PhA_AA_CaBr3,4.32031502597976
DiEA_HA_VCl3,4.32048576230956
TetraMA_HY_CrBr3,4.32049405223719
FM_PhA_GaCl3,4.32156879139104
DiEA_HY_InCl3,4.32168126173516
FA_TetraMA_CoCl3,4.32170978055805
DiEA_HY_VCl3,4.32189613919295
NH4_Py_CrCl3,4.32227203742724
EA_PhA_SnCl3,4.32251154912462
TriMA_i-PA_MnBr3,4.32255162214811
DiMA_Az_CoCl3,4.3229380430676
EA_Az_CoCl3,4.3229380430676
DiMA_MA_MnCl3,4.32345071632677
EA_MA_MnCl3,4.32345071632677
PhA_Az_BeBr3,4.32366885896949
FM_IM_BaBr3,4.3238574937826
TetraMA_PhA_CrCl3,4.32431852423438
DiEA_i-PA_CrCl3,4.32484037383936
DiEA_Py_CaI3,4.32489676502903
NH4_DiMA_CoCl3,4.32527558888748
DiMA_TroP_SrI3,4.32551130459192
DiEA_Py_HgCl3,4.32607133541432
FA_HA_VBr3,4.32657601761044
HA_Cs_VBr3,4.32657657626491
PhA_IM_CaBr3,4.32663367428208
3-Py_DiEA_CrBr3,4.32673964326624
3-Py_DiEA_VBr3,4.32673964326624
i-PA_DiMA_MnBr3,4.32718566403467
TetraMA_HY_VBr3,4.3274843512301
DiEA_Az_HgCl3,4.32768304589893
HY_PhA_NiCl3,4.32837929067346
HY_i-BuA_PbCl3,4.32856504343364
HA_MA_ZnBr3,4.32878847670275
TetraMA_Cs_GeCl3,4.32905383710942
GUA_TiZ_CoCl3,4.32907117104104
PhA_IM_CaCl3,4.32908438715468
TriMA_Cs_NiCl3,4.32908650791837
3-Py_TiZ_SrI3,4.32960878849376
Cs_i-BuA_GaCl3,4.32984350428637
GUA_i-BuA_CrBr3,4.32999701496633
HA_Py_GaCl3,4.33038154030961
TetraMA_DiMA_TiCl3,4.33094974088127
FM_MA_VCl3,4.33095055936206
EA_TetraMA_TiCl3,4.33111507803918
TriMA_DiMA_MnBr3,4.33124721305878
3-Py_AA_GaCl3,4.33166234666114
NH4_Py_VCl3,4.33188964940664
3-Py_PhA_ZnCl3,4.33244404663741
FM_HY_BaI3,4.33278293831309
EA_TroP_SrI3,4.33303006610489
TetraMA_Py_GaCl3,4.3330598356904
Az_TiZ_CoCl3,4.33338029108886
EA_TriMA_MnBr3,4.33355755764409
HY_MA_ZnBr3,4.33364426710621
DiMA_AA_NiCl3,4.33396112889415
NH4_IM_SrI3,4.33431868293505
Cs_NH4_ZnI3,4.3344001416813
EA_i-PA_MnBr3,4.33500281118807
EA_AA_NiCl3,4.33517586958578
HA_Cs_MnBr3,4.33596970958231
HA_PhA_ZnBr3,4.33650177433705
FM_Az_MgBr3,4.33708547708547
Cs_TiZ_BeBr3,4.33723002156483
HA_Cs_TiI3,4.33757926465593
GUA_TiZ_BaI3,4.3379370088272
NH4_i-BuA_MnCl3,4.33892192706626
Cs_NH4_NiCl3,4.34015117902371
HA_PhA_PbCl3,4.34028178965733
GUA_i-BuA_TiCl3,4.34047285846647
FM_IM_BaCl3,4.34084150040352
Cs_IM_MnCl3,4.34155542503909
AA_Py_CoCl3,4.34174206649991
EA_PhA_MgBr3,4.34179600103261
DiEA_HA_CrCl3,4.34222626295174
NH4_GUA_NiCl3,4.34246296104439
EA_PhA_SrI3,4.3424797395082
3-Py_HA_ZnBr3,4.34253174264531
TroP_Py_CaCl3,4.34283083943164
FA_HA_CrBr3,4.34288306526962
DiMA_TroP_BaBr3,4.34289729660333
HA_PhA_GaCl3,4.34306905827108
FM_TetraMA_BaI3,4.34321377822174
EA_DiMA_NiCl3,4.34348856690252
FM_HY_ZnBr3,4.3435768031081
i-PA_AA_CoCl3,4.34363379683407
HY_Py_CoCl3,4.34425122277696
i-BuA_TiZ_SnCl3,4.34474304175329
i-PA_Py_ZnBr3,4.34492617413703
DiEA_i-PA_ZnI3,4.34515330597934
i-PA_PhA_MgI3,4.34527262973663
DiEA_HY_PbCl3,4.34542237248863
TriMA_DiMA_NiCl3,4.34579061000538
DiEA_TetraMA_CrBr3,4.34588176098893
DiEA_TroP_SnCl3,4.34597980693088
DiEA_Py_MgI3,4.34630564984627
FM_Py_VCl3,4.3467973143706
NH4_TroP_CaCl3,4.34748444712153
EA_HA_MnCl3,4.3480287764644
TriMA_PhA_ZnBr3,4.34805344967611
FA_i-BuA_NiCl3,4.34806179291372
TetraMA_i-BuA_ZnI3,4.34813072410204
DiEA_EA_PbCl3,4.34856013622805
TroP_TiZ_SrCl3,4.34863064816696
EA_Cs_VBr3,4.34884204645648
HA_TiZ_CoCl3,4.34887629352147
TetraMA_PhA_MgI3,4.34917066377383
GUA_i-BuA_FeCl3,4.34959070648218
FM_Cs_ZnBr3,4.34964735563247
i-PA_HY_CoCl3,4.34985821057404
HY_Py_GaCl3,4.34990324785571
TriMA_i-PA_TiCl3,4.35013998955591
HA_DiMA_CoCl3,4.35015254502661
HA_Py_CoCl3,4.35053304208369
3-Py_i-BuA_NiCl3,4.35074594765733
Cs_Az_GeCl3,4.3513086596389
HY_Az_ZnBr3,4.35132204392504
TetraMA_MA_VBr3,4.35140562604004
FA_AA_GaCl3,4.35206232078595
EA_PhA_HgCl3,4.35236047862258
3-Py_HY_ZnBr3,4.35260210107127
GUA_IM_CoCl3,4.35278409172398
3-Py_DiMA_VCl3,4.35322514334586
3-Py_EA_VCl3,4.35322514334586
DiEA_TroP_GeCl3,4.35322633199288
IM_Az_NiCl3,4.35380825893966
TriMA_i-BuA_ZnI3,4.35406738720723
DiMA_TroP_BeBr3,4.35418689651823
FA_AA_MnCl3,4.3541938444348
TriMA_AA_CoCl3,4.35440870668918
Cs_NH4_CrBr3,4.35469022062105
EA_TetraMA_VBr3,4.35511694785139
FM_IM_VCl3,4.35516219259627
i-BuA_AA_InCl3,4.35517992544174
3-Py_Py_CaCl3,4.35533344824069
TetraMA_DiMA_VBr3,4.35540602619994
DiEA_EA_ZnI3,4.35568698625416
Cs_i-PA_CrCl3,4.35619015550987
FA_PhA_VCl3,4.35621046223278
Py_TiZ_VCl3,4.35631343215128
FA_MA_CoCl3,4.35639671547043
3-Py_Py_SrBr3,4.35668266546606
PhA_Az_HgCl3,4.35686016039984
DiMA_GUA_CrBr3,4.35728108492019
EA_GUA_CrBr3,4.35728108492019
3-Py_Cs_CoCl3,4.35780543751615
Cs_GUA_GeCl3,4.35797585982354
HY_MA_NiCl3,4.35801136236518
DiMA_TiZ_CoCl3,4.3580263508595
EA_TiZ_CoCl3,4.3580263508595
Cs_GUA_MnCl3,4.35826869105902
DiEA_i-BuA_CdI3,4.35889818029073
EA_TroP_BaBr3,4.35939008722896
EA_Cs_TiBr3,4.35974363651865
FA_AA_VBr3,4.35976911217947
Cs_GUA_ZnBr3,4.36018186548859
TriMA_HY_CoCl3,4.36063312042916
3-Py_IM_CaI3,4.36072361798195
HA_TiZ_GaCl3,4.36076670494004
HA_Az_CoCl3,4.36098557672803
DiEA_PhA_CaI3,4.36134901822433
3-Py_IM_VCl3,4.36172625311838
NH4_GUA_ZnBr3,4.36203229084335
EA_Py_CoCl3,4.36282775641417
HY_DiMA_CoCl3,4.36325104680667
PhA_i-BuA_MgI3,4.36345265093487
NH4_TroP_BeBr3,4.36372197065903
Cs_AA_GeCl3,4.36417738230499
HY_TiZ_CaI3,4.36434996965666
Cs_Az_TiCl3,4.36439253117094
PhA_DiMA_BeBr3,4.36453624217302
3-Py_PhA_MgBr3,4.36472839800409
DiEA_TetraMA_VBr3,4.3650858494837
DiEA_DiMA_ZnI3,4.3654700183052
TriMA_TroP_BaBr3,4.36553941465407
NH4_GUA_SrI3,4.36562732534102
3-Py_DiMA_ZnBr3,4.36702643754511
3-Py_EA_ZnBr3,4.36702643754511
Cs_MA_CoCl3,4.36703546648961
HA_Cs_ZrCl3,4.36704290292184
HY_GUA_VBr3,4.36733549637258
3-Py_MA_MgI3,4.36746473180546
GUA_Az_CoCl3,4.36758189455458
HY_Py_ZnBr3,4.36770373512562
IM_MA_CoCl3,4.36805599997653
HY_GUA_HgCl3,4.36807839710418
TetraMA_AA_SnCl3,4.36811018297616
NH4_TiZ_CrCl3,4.36841982353488
FA_IM_CoCl3,4.36911828391875
NH4_Az_VCl3,4.36917155777432
Cs_Py_GeCl3,4.36924361451573
FA_HA_MnCl3,4.36943943813264
DiEA_i-BuA_ZnI3,4.36945727222274
TetraMA_MA_CrBr3,4.36964187825912
Cs_TiZ_BeI3,4.36965663599184
i-PA_PhA_ZnBr3,4.36971194463096
NH4_IM_CrCl3,4.36984339056292
DiEA_TiZ_PbCl3,4.36989753075418
AA_TiZ_CoCl3,4.37015858483136
HY_i-BuA_FeCl3,4.37035282224116
NH4_Py_BaBr3,4.37036653157057
EA_TetraMA_NiCl3,4.37060832065992
HY_TroP_CaBr3,4.37096839006672
FA_PhA_CrCl3,4.37213509033243
DiEA_TriMA_VBr3,4.37296734576291
TroP_IM_SrCl3,4.37354931929268
i-PA_i-BuA_ZnI3,4.37357249811449
HA_GUA_VBr3,4.3736173156793
GUA_TiZ_MgBr3,4.37376558959006
IM_Py_GeCl3,4.37380522232237
DiMA_Py_CoCl3,4.37386141995597
DiEA_TriMA_CrBr3,4.37411296801231
DiEA_HA_CoCl3,4.37477954000531
DiEA_HY_CoCl3,4.37477954000531
NH4_Az_CrCl3,4.37498495555017
Py_TiZ_BeI3,4.37517455377441
DiMA_Py_VCl3,4.375175411532
TetraMA_GUA_CoCl3,4.37550560195664
Az_MA_VCl3,4.37577874598229
TriMA_i-PA_VBr3,4.37596712635915
GUA_AA_VBr3,4.37634413106282
FM_NH4_CoCl3,4.37693870235031
Az_MA_CrCl3,4.37758513036117
TroP_i-BuA_SrBr3,4.37781585537684
PhA_DiMA_CaBr3,4.37798430551929
3-Py_Py_BeBr3,4.37818127056222
NH4_i-BuA_HgCl3,4.37819789667055
HY_IM_ZnBr3,4.37837225002124
3-Py_IM_CrCl3,4.37848808408146
AA_MA_CoCl3,4.37861592177108
DiMA_MA_CoCl3,4.37861592177108
EA_MA_CoCl3,4.37861592177108
NH4_IM_GaCl3,4.37869397297123
FM_AA_VCl3,4.37886426275184
DiEA_TriMA_ZnI3,4.37899490114603
EA_IM_GaCl3,4.37937891367184
3-Py_TriMA_MnCl3,4.37946931106176
PhA_IM_SnCl3,4.38014599825114
FM_NH4_NiCl3,4.38033590649227
3-Py_TiZ_VCl3,4.38040228080865
IM_MA_GaCl3,4.38066655089448
GUA_AA_CrBr3,4.38099258626879
AA_TiZ_ZnBr3,4.38127143742706
3-Py_Cs_NiCl3,4.38130950175209
i-BuA_Az_VBr3,4.38134464725883
3-Py_HA_CrCl3,4.38180239410348
FA_Az_CoCl3,4.38203718255388
TetraMA_PhA_MnCl3,4.38227995503859
HY_GUA_CrBr3,4.38237907808291
FA_IM_MgBr3,4.3827065685467
FA_MA_ZnBr3,4.38277949039733
FA_AA_CrBr3,4.38284042066973
TroP_i-BuA_GeCl3,4.38287535036404
TetraMA_HY_CoCl3,4.38302772424946
i-PA_MA_CoCl3,4.38377794104484
DiMA_i-BuA_CoCl3,4.38401299621551
EA_i-BuA_CoCl3,4.38401299621551
3-Py_i-BuA_PbCl3,4.38405172338066
AA_Az_VCl3,4.38434714936273
TriMA_TetraMA_CoCl3,4.38458390829962
3-Py_PhA_BeI3,4.38476900587226
FM_Cs_FeCl3,4.38493181735743
DiEA_i-PA_VBr3,4.38494773493555
TetraMA_PhA_CaI3,4.38504667084218
GUA_AA_GaCl3,4.38512892356402
DiEA_Cs_HgCl3,4.38548821680393
DiEA_Az_CrBr3,4.38648760412428
FA_PhA_PbCl3,4.38652115958952
FA_PhA_GaCl3,4.38698674111976
TroP_AA_BeBr3,4.38755842344981
Cs_i-BuA_FeCl3,4.38792990256752
Cs_PhA_CrCl3,4.38824374776422
3-Py_FA_VCl3,4.3884079793741
DiEA_IM_HgCl3,4.38842553835787
HA_GUA_CrBr3,4.38866089738964
TetraMA_DiMA_NiCl3,4.389467379879
DiEA_PhA_PbCl3,4.38947386616905
3-Py_HY_CrCl3,4.38971712558296
Cs_Az_MgI3,4.38997485298986
DiEA_AA_HgCl3,4.39019218395112
3-Py_Py_SrI3,4.39023091216363
TetraMA_IM_GaCl3,4.39051342553192
TetraMA_i-PA_CoCl3,4.39079545054013
TetraMA_DiMA_InCl3,4.39125000507606
HY_PhA_ZnBr3,4.3913060159995
FA_HY_BaI3,4.39158675851846
FA_HY_SnCl3,4.39248348498778
Py_TiZ_CrCl3,4.3925810496957
FM_DiMA_VCl3,4.3931688381419
FM_EA_VCl3,4.3931688381419
DiMA_IM_GaCl3,4.3932007575761
HA_IM_CoCl3,4.39320112629138
3-Py_HY_GaCl3,4.39340627882079
DiEA_HA_HgCl3,4.39343887467237
i-PA_TroP_CaBr3,4.39445960067158
TriMA_MA_CoCl3,4.39455285089995
HY_TroP_CrCl3,4.39469987156076
Cs_i-PA_GeCl3,4.39470449852966
EA_TroP_SrBr3,4.39498612470256
FA_i-BuA_PbCl3,4.39547649951634
NH4_DiMA_ZnBr3,4.39561545474932
3-Py_HA_GaCl3,4.39597874898648
EA_Cs_CoCl3,4.39603536389049
TroP_AA_VCl3,4.39610934318255
DiEA_PhA_MgI3,4.39615041574851
NH4_PhA_SnCl3,4.39650840630864
HA_GUA_FeCl3,4.3970521018902
i-PA_MA_MnCl3,4.39724816868861
PhA_IM_GeCl3,4.39762733735317
TetraMA_Cs_CoCl3,4.39793647286945
DiEA_Cs_SnCl3,4.3986676869124
AA_TiZ_BaBr3,4.39872721850899
TriMA_TroP_CaBr3,4.39875751084595
EA_TroP_BeBr3,4.39904846649023
Cs_DiMA_GeCl3,4.39912215636792
HY_IM_BaI3,4.39963568803662
DiEA_i-PA_CrBr3,4.39976410589657
HY_TiZ_MgBr3,4.39996898820836
EA_TetraMA_InCl3,4.40007331347334
TetraMA_TiZ_VCl3,4.40035823173867
HA_TetraMA_MnCl3,4.40045455660205
3-Py_FA_CrCl3,4.40072020070146
FM_FA_VCl3,4.40077575606417
TetraMA_PhA_VCl3,4.40078293008495
i-PA_GUA_CoCl3,4.40095405822909
3-Py_GUA_GaCl3,4.40121780083032
3-Py_TiZ_CrCl3,4.40218531230881
IM_i-BuA_NiCl3,4.40233167393372
DiEA_TriMA_VCl3,4.40281694456381
Cs_HY_NiCl3,4.40325060295337
NH4_MA_CoCl3,4.40334361744909
TetraMA_MA_CoCl3,4.40358006061513
Cs_Py_CdCl3,4.40358468868075
i-BuA_Py_MgI3,4.40450705631717
IM_Az_GaCl3,4.40467254146417
DiEA_TetraMA_ZnI3,4.40490705144576
NH4_i-PA_CrCl3,4.40504489358207
AA_MA_ZnBr3,4.40504495694528
TetraMA_Py_ZnBr3,4.40563820506686
Py_MA_VCl3,4.40578084350431
Py_MA_CaI3,4.40579198382005
TetraMA_PhA_SnCl3,4.40663887158594
FA_AA_CoCl3,4.40673973371688
FA_TetraMA_MnCl3,4.4067787646776
GUA_AA_CoCl3,4.40681525454975
i-PA_DiMA_VBr3,4.40690865852559
NH4_MA_NiCl3,4.4070078674634
TetraMA_Az_CoCl3,4.40754890669295
TetraMA_TiZ_CrCl3,4.40767195873601
TriMA_MA_MnCl3,4.40802307854372
TetraMA_IM_ZnBr3,4.40813186545423
FA_NH4_CoCl3,4.40872658363061
FA_NH4_NiCl3,4.40885285619829
TriMA_DiMA_VBr3,4.4089455019076
i-PA_IM_CoCl3,4.40916332113142
Cs_IM_GeCl3,4.40916612834046
i-PA_Az_MnCl3,4.40923263026549
3-Py_FA_GaCl3,4.4092804870351
3-Py_TiZ_BeI3,4.40931229573335
3-Py_DiEA_TiCl3,4.40965624551123
HA_TiZ_ZnBr3,4.40977326232877
EA_HA_CoCl3,4.40986522787702
Cs_MA_FeCl3,4.40998772343734
Cs_NH4_CoCl3,4.41021762809969
FM_GUA_VCl3,4.41067027613205
3-Py_GUA_CrCl3,4.4111215450197
FA_NH4_ZnBr3,4.41129432855081
DiEA_Az_MnCl3,4.41139555620539
NH4_i-BuA_FeCl3,4.41157329706975
HA_Py_ZnBr3,4.41244839210111
3-Py_TroP_BeCl3,4.41355668476462
TroP_AA_CrCl3,4.4135666550663
3-Py_Py_VCl3,4.41365432201123
DiMA_TroP_GeCl3,4.41405632898436
EA_TroP_GeCl3,4.41405632898436
HA_HY_NiCl3,4.41422861422573
HA_TriMA_CoCl3,4.41434157597094
NH4_i-PA_ZnBr3,4.41444998028367
PhA_Az_CaBr3,4.41505700142863
EA_TriMA_VBr3,4.41564362970716
HA_i-PA_CoCl3,4.41578682951492
FA_DiMA_CoCl3,4.41595772053174
DiMA_GUA_CoCl3,4.41680347811992
EA_GUA_CoCl3,4.41680347811992
i-PA_DiMA_TiCl3,4.41685274218414
EA_i-PA_VBr3,4.41708888325113
GUA_i-BuA_MnBr3,4.41764388117875
TriMA_GUA_CoCl3,4.41795092698641
3-Py_DiMA_CrCl3,4.41815616881342
3-Py_EA_CrCl3,4.41815616881342
GUA_i-BuA_NiCl3,4.4182995043055
DiMA_AA_CoCl3,4.41834167641296
EA_AA_CoCl3,4.41834167641296
EA_FA_CoCl3,4.4186733038505
3-Py_i-PA_MnCl3,4.41883675595952
EA_TetraMA_CoCl3,4.4188649236082
TetraMA_DiMA_CoCl3,4.41915400195676
TriMA_i-PA_InCl3,4.41926661863161
EA_HY_CoCl3,4.41952451170227
HY_Az_GaCl3,4.4196101434583
TriMA_IM_CoCl3,4.41993823098653
TriMA_Az_MnCl3,4.42000754012061
Az_Py_BaI3,4.42053350512254
i-BuA_Az_CrBr3,4.4210601786522
FM_TroP_GeCl3,4.4214182131305
DiMA_i-BuA_MnBr3,4.42155425652819
EA_i-BuA_MnBr3,4.42155425652819
PhA_DiMA_CaCl3,4.42187129195306
FA_TriMA_CoCl3,4.42202933597201
FA_TriMA_MnCl3,4.4223669005276
NH4_GUA_CoCl3,4.42267938772114
FA_i-PA_CoCl3,4.42347458951598
DiEA_AA_PbCl3,4.42350626415724
FA_i-PA_MnCl3,4.42381215407157
DiMA_TroP_SrBr3,4.42383353700965
FM_HA_MnCl3,4.4242822104225
NH4_GUA_BaI3,4.42429226143858
i-PA_DiMA_CrBr3,4.42514491074467
i-PA_TroP_CaCl3,4.42559284995107
EA_TetraMA_CrBr3,4.42619719464575
GUA_i-BuA_SnCl3,4.42683555877691
TetraMA_NH4_CrCl3,4.42685232741416
DiEA_TroP_PbCl3,4.42694232467436
i-PA_TiZ_GaCl3,4.42695543596556
TetraMA_DiMA_CrBr3,4.42704707212287
EA_DiMA_CoCl3,4.42708774051595
TriMA_DiMA_CrBr3,4.42718175412669
DiEA_NH4_InCl3,4.42745479255184
3-Py_IM_BeBr3,4.42780278973587
FA_Az_GaCl3,4.42855409956207
3-Py_Py_BaBr3,4.42862314670419
DiEA_Cs_GaCl3,4.42876971990848
EA_TriMA_CoCl3,4.42902320263897
3-Py_DiEA_PbCl3,4.42910949739083
FM_TiZ_VCl3,4.4293432519548
TriMA_DiMA_TiCl3,4.42998485973054
FA_Cs_CdCl3,4.43036881593022
FM_Az_GaCl3,4.43047102573892
GUA_TroP_VCl3,4.43189286605424
TetraMA_AA_MnCl3,4.43198124292681
GUA_Az_GaCl3,4.43205326216954
HY_TroP_VCl3,4.43218272849035
PhA_Az_BaBr3,4.43219640579645
TroP_MA_CaCl3,4.43228516880754
HA_MA_CoCl3,4.4326791556756
DiEA_Az_CrCl3,4.43268140416571
HY_Az_CrCl3,4.43274832263057
TriMA_TroP_CaCl3,4.43292638234339
HA_DiMA_ZnBr3,4.43387698804544
EA_TriMA_CrBr3,4.43387988192624
Cs_PhA_VCl3,4.43410863744328
DiEA_TroP_BaCl3,4.4341328933086
FA_GUA_FeCl3,4.43443689791995
HA_GUA_SnCl3,4.43447995102299
DiMA_AA_MnCl3,4.43466365190729
EA_AA_MnCl3,4.43466365190729
3-Py_Py_CrCl3,4.43484327873996
TriMA_i-PA_CrBr3,4.43491873268639
NH4_PhA_GaCl3,4.43504484563734
HA_Cs_NiCl3,4.43512038279808
EA_i-PA_CrBr3,4.43532513547022
TroP_Az_SrBr3,4.43538407245893
EA_TriMA_TiCl3,4.43576655155199
TetraMA_NH4_SnCl3,4.43603430950404
3-Py_i-BuA_SnCl3,4.4361936003454
Cs_GUA_CoCl3,4.43633066598526
TriMA_DiMA_CoCl3,4.43640402857969
DiEA_Cs_FeCl3,4.43654564314074
3-Py_NH4_SrBr3,4.43719796392059
EA_i-PA_TiCl3,4.43721180509597
i-PA_AA_MnCl3,4.43740672907851
IM_AA_ZnBr3,4.43786671242695
PhA_DiMA_BaBr3,4.43787713597274
3-Py_AA_VCl3,4.43789248626442
NH4_HY_NiCl3,4.43799839021553
HY_MA_CoCl3,4.43810151647426
DiMA_Az_MnCl3,4.43812708556381
EA_Az_MnCl3,4.43812708556381
Cs_MA_CrBr3,4.43881456433023
3-Py_TriMA_ZnBr3,4.43928708043271
Az_Py_VCl3,4.43980143505635
HA_PhA_CrCl3,4.44046454777109
HY_GUA_SnCl3,4.44050798648626
FM_PhA_BeI3,4.44069285196456
3-Py_FM_GaCl3,4.44071961301262
i-PA_DiMA_CoCl3,4.44093277094368
TroP_i-BuA_BaCl3,4.44199025042107
HY_i-BuA_HgCl3,4.44199187210076
Az_Py_CrCl3,4.44230752934083
TriMA_TroP_MgCl3,4.44235052633055
GUA_TroP_CrCl3,4.44246498570281
GUA_Py_VCl3,4.44253309054728
FA_HY_ZnBr3,4.44323148740277
3-Py_i-PA_ZnBr3,4.44496829260387
PhA_TiZ_SrCl3,4.44565869446517
FM_PhA_PbCl3,4.44566094087642
Cs_GUA_NiCl3,4.44577423222007
3-Py_TiZ_SrBr3,4.44629098507894
DiEA_i-PA_VCl3,4.44634778114676
Cs_GUA_TiCl3,4.44747953191081
HA_i-BuA_FeCl3,4.44761208760817
FM_HA_CrCl3,4.4481323853274
EA_i-PA_CoCl3,4.44903380647584
3-Py_NH4_GaCl3,4.44930039603273
FM_HA_VCl3,4.44946763467759
FA_HA_ZnBr3,4.44951330670949
TetraMA_MA_SnCl3,4.44955763531286
FM_PhA_BeBr3,4.4501722370534
IM_i-BuA_HgCl3,4.45026298323568
3-Py_Cs_GeCl3,4.45053122728164
Az_TiZ_VCl3,4.45104667995986
AA_TiZ_BaI3,4.45114133798061
NH4_MA_GaCl3,4.4518581570848
TriMA_AA_MnCl3,4.45294288539004
HA_IM_ZnBr3,4.45304642707051
i-BuA_Py_ZnBr3,4.45319416878601
i-PA_TroP_BaBr3,4.4533109249854
PhA_Py_PbCl3,4.45353597655935
i-BuA_TiZ_GaCl3,4.45382737334912
Py_MA_CrCl3,4.45429249059791
GUA_TiZ_BaBr3,4.45478251855227
i-BuA_Az_MnCl3,4.45505914132146
FM_DiEA_NiCl3,4.45525644589618
FM_DiEA_HgCl3,4.45531206668087
IM_AA_VCl3,4.45545362580783
DiMA_Py_CaI3,4.45557375295366
EA_Py_CaI3,4.45557375295366
DiMA_Py_CrCl3,4.45560754138336
EA_Py_CrCl3,4.45560754138336
i-PA_PhA_HgCl3,4.45594332637104
GUA_TiZ_BeBr3,4.45602815563411
TroP_AA_SrBr3,4.45608545030949
FM_i-BuA_HgCl3,4.45617674172911
i-BuA_Az_CrCl3,4.45645116722997
FA_GUA_NiCl3,4.45692295653315
FA_DiMA_ZnBr3,4.45724523759018
TriMA_MA_ZnBr3,4.45754260573668
EA_TroP_CdCl3,4.45763258323777
3-Py_DiEA_SnCl3,4.45778184154766
PhA_MA_BaI3,4.45786345113011
EA_DiMA_MnCl3,4.4580478144467
IM_i-BuA_SnCl3,4.45883797917461
PhA_AA_CaCl3,4.45938913822845
TriMA_i-PA_CoCl3,4.45961129306978
FM_i-BuA_NiCl3,4.46079800972865
DiMA_TroP_CdCl3,4.46196469457795
NH4_HY_GaCl3,4.46212656220067
PhA_Az_BaI3,4.46220147080587
EA_FA_ZnBr3,4.46299776701004
DiEA_Py_PbCl3,4.4634630594642
AA_TiZ_VCl3,4.46371663302337
EA_PhA_CrCl3,4.46398461824204
HA_PhA_VCl3,4.4640994133966
NH4_i-PA_VCl3,4.46414644089197
PhA_Az_GaCl3,4.46429289721906
FA_TroP_CrCl3,4.46448217564172
FM_HY_NiCl3,4.46482904592063
EA_TriMA_SnCl3,4.46515262585781
HY_GUA_ZnBr3,4.46549501696317
FM_HA_NiCl3,4.46644391000117
EA_i-PA_SnCl3,4.46659787940178
DiEA_Az_VCl3,4.46673289011426
i-PA_PhA_GaCl3,4.46709601820111
TetraMA_NH4_VCl3,4.46731512984411
Cs_DiMA_MnBr3,4.46754635067179
IM_Py_CaCl3,4.46758811835118
HY_i-BuA_MnBr3,4.46843278062497
FM_HA_CoCl3,4.4684437403323
DiEA_IM_ZnBr3,4.46868522102733
Cs_TiZ_ZnCl3,4.46874405336401
NH4_HY_MgI3,4.46908945919396
FA_TiZ_ZnBr3,4.4692282496856
FM_HY_CoCl3,4.46930911475124
HY_MA_HgCl3,4.46977111756999
Cs_i-PA_TiCl3,4.46977125867628
HY_PhA_CoCl3,4.4712585741375
AA_MA_GaCl3,4.47152006022039
TetraMA_Py_VCl3,4.47173082149366
FM_Cs_GeCl3,4.47189587672434
HA_Cs_CrBr3,4.47194198762083
NH4_IM_VCl3,4.47203950708112
HY_TiZ_ZnBr3,4.47246123946172
Az_Py_BaBr3,4.47419421040401
Cs_AA_MnCl3,4.4742737533947
TriMA_PhA_HgCl3,4.47504268666195
3-Py_i-BuA_HgCl3,4.47544792472959
PhA_MA_BeI3,4.4754975346058
EA_PhA_VCl3,4.47565699275948
DiMA_Az_ZnBr3,4.4761394429948
EA_Az_ZnBr3,4.4761394429948
PhA_TroP_PbCl3,4.4761589176194
i-PA_i-BuA_ZrCl3,4.47630482924607
TroP_MA_BeI3,4.47645714974373
i-PA_MA_ZnBr3,4.47717463278492
DiEA_Az_InCl3,4.47815773943862
3-Py_DiEA_HgCl3,4.47853872201863
TriMA_i-BuA_HgCl3,4.47863830107136
DiMA_TroP_BaCl3,4.47864231834479
EA_TroP_BaCl3,4.47864231834479
HA_i-BuA_SnCl3,4.478863195795
GUA_MA_ZnBr3,4.47897287871404
NH4_TiZ_BaI3,4.4790858847127
FA_TetraMA_VCl3,4.47932417771791
AA_Az_GaCl3,4.48110772725455
Py_MA_GaCl3,4.48112602780096
TroP_IM_CdCl3,4.48179969888912
PhA_AA_BeBr3,4.48244003049048
NH4_Py_BeI3,4.48289452995069
PhA_Py_BeCl3,4.48364090636335
PhA_MA_BaBr3,4.4853873779075
3-Py_DiEA_NiCl3,4.48554999194712
FA_i-BuA_CoCl3,4.48582422516035
HA_Cs_MnI3,4.48585121935418
3-Py_FM_BeI3,4.48589041490505
IM_TiZ_BaCl3,4.4859053249646
FM_Az_SrBr3,4.48679976986446
TetraMA_i-BuA_HgCl3,4.4868283198681
NH4_TroP_CdCl3,4.48694314159833
TriMA_PhA_GaCl3,4.48772412753359
FM_Py_CaBr3,4.48810898694267
NH4_TiZ_VCl3,4.48947177797936
3-Py_Cs_CdCl3,4.48995234465781
FM_Cs_NiCl3,4.49053906515947
EA_Py_VCl3,4.49064954414907
DiEA_GUA_HgCl3,4.49107019010842
HA_TiZ_BeI3,4.49119395831104
TetraMA_Py_CrCl3,4.49127602571765
HY_i-BuA_NiCl3,4.49191698786653
PhA_TroP_BeCl3,4.49271807571191
EA_NH4_ZnBr3,4.49287229292935
TroP_AA_ZnCl3,4.49290987287615
i-BuA_MA_MnCl3,4.49317401623484
TriMA_Cs_CoCl3,4.49349048619538
FA_Az_ZnBr3,4.49376370640582
DiMA_i-BuA_VBr3,4.49401823658081
EA_i-BuA_VBr3,4.49401823658081
Cs_PhA_MgBr3,4.49427133957337
FM_TetraMA_GaCl3,4.49441045368034
FM_DiEA_VCl3,4.49494492401599
FA_HA_SnCl3,4.49529433935558
FA_IM_ZnBr3,4.49553328796758
i-PA_Az_VCl3,4.49607857238566
TriMA_Cs_GeCl3,4.49616077380228
Cs_i-BuA_NiCl3,4.49617221067532
3-Py_AA_CrCl3,4.49648519210488
DiEA_Cs_NiCl3,4.49658178827055
FA_HA_FeCl3,4.49660734894944
i-PA_i-BuA_MnBr3,4.49741808755789
FM_i-BuA_CoCl3,4.49778476272971
PhA_IM_PbCl3,4.49873689135368
i-PA_AA_VCl3,4.49891283595839
Py_TiZ_CaCl3,4.49948730846851
DiEA_DiMA_VCl3,4.49966444410649
DiEA_EA_VCl3,4.49966444410649
Cs_TiZ_SrBr3,4.49972363056247
Cs_HY_ZnBr3,4.49982522507048
TetraMA_NH4_ZnBr3,4.50000254431549
PhA_GUA_ZnCl3,4.50116811712557
3-Py_TetraMA_GaCl3,4.50143174249015
TriMA_i-BuA_MnBr3,4.50160655272298
i-PA_i-BuA_HgCl3,4.50164820078186
NH4_GUA_SnCl3,4.50189626334795
HA_i-BuA_HgCl3,4.50247651239123
DiEA_i-BuA_CrBr3,4.50267317774241
3-Py_HY_VCl3,4.50275413721602
GUA_TiZ_BeI3,4.50305613707078
FA_Cs_CoCl3,4.50348606001215
EA_FA_GaCl3,4.50364427875954
AA_Az_CrCl3,4.50378183035051
EA_Cs_GeCl3,4.50394499653005
DiEA_i-BuA_MnBr3,4.50503089357869
FA_TiZ_BeBr3,4.50503964108202
FM_TriMA_GaCl3,4.50532095818204
TriMA_i-BuA_ZrCl3,4.50581183553607
Cs_Py_BaBr3,4.50600380585141
i-PA_GUA_MnCl3,4.50627142758967
FM_i-PA_GaCl3,4.50676621172601
HY_TroP_BeBr3,4.50678131176713
TriMA_Az_VCl3,4.50685348224077
i-PA_IM_VCl3,4.50702308261508
TriMA_DiMA_SnCl3,4.50762725908449
i-PA_PhA_CaI3,4.50891018006258
TetraMA_i-BuA_NiCl3,4.50955067189882
HA_IM_MgBr3,4.50957381170108
TriMA_AA_VCl3,4.50968774581351
HA_NH4_NiCl3,4.50981365464304
TetraMA_IM_VCl3,4.51052306655178
GUA_TiZ_ZnBr3,4.51087427702486
FM_AA_MgBr3,4.51089170100828
FA_TroP_VCl3,4.51119420016085
IM_Az_VCl3,4.51123082016699
HA_GUA_NiCl3,4.51144498661608
FA_TiZ_SrBr3,4.51153633065439
IM_i-BuA_PbCl3,4.51258855759551
AA_TiZ_MgBr3,4.51261399005369
EA_i-BuA_PbCl3,4.51262729601315
NH4_Py_MgBr3,4.51287912635443
TetraMA_GUA_VCl3,4.51304029909183
FA_GUA_CoCl3,4.51328536493245
DiEA_PhA_SrI3,4.51345935548881
DiMA_i-BuA_HgCl3,4.51361697331047
EA_i-BuA_HgCl3,4.51361697331047
FA_Cs_FeCl3,4.51368350886874
FA_Py_VCl3,4.51373262945518
i-PA_i-BuA_NiCl3,4.51416781040492
FM_Cs_VBr3,4.51443528701414
FM_i-BuA_VCl3,4.51447898610009
TriMA_NH4_ZnBr3,4.51490595057315
FA_AA_ZnBr3,4.5150589137898
TriMA_PhA_CaI3,4.51512335086977
i-BuA_AA_ZnBr3,4.51546877573444
PhA_IM_GaCl3,4.51634824679574
Cs_MA_MnBr3,4.51650626051855
HA_AA_BaI3,4.51660854800477
IM_Az_CrCl3,4.51700110471648
TriMA_GUA_MnCl3,4.51704633744478
TriMA_Az_ZnBr3,4.51717225597616
TriMA_TroP_SrBr3,4.51722174104815
3-Py_TetraMA_ZnBr3,4.51754576491516
TriMA_IM_VCl3,4.5177979924702
TetraMA_Az_SnCl3,4.51826109401184
TroP_AA_CaBr3,4.51850639408519
NH4_Az_MgI3,4.51884240634055
HY_GUA_NiCl3,4.51892482784567
EA_HA_ZnBr3,4.51940699942593
TriMA_TiZ_CrCl3,4.51962744731609
3-Py_AA_BeBr3,4.51985100230073
3-Py_DiEA_GaCl3,4.52016546268524
PhA_TiZ_ZnCl3,4.52092945439553
3-Py_Py_BeI3,4.52127980817769
i-BuA_Az_VCl3,4.52150896669472
FA_TiZ_BeI3,4.52164415937237
Az_TiZ_CrCl3,4.52166507118513
FM_HY_SnCl3,4.52167014649619
FA_TriMA_GaCl3,4.52191700407212
NH4_IM_BaI3,4.52220727151479
HY_PhA_GaCl3,4.52248043503305
HA_NH4_CoCl3,4.52261884219808
NH4_i-BuA_NiCl3,4.52262113964606
TriMA_PhA_SnCl3,4.52297771009251
DiEA_TroP_BeCl3,4.52305970386928
FA_i-PA_GaCl3,4.52336225761609
AA_Az_ZnBr3,4.52341869962816
GUA_AA_ZnBr3,4.52360252611345
Py_TiZ_GeCl3,4.52537002049042
DiMA_TiZ_VCl3,4.5255019665855
EA_IM_VCl3,4.5255767664893
TriMA_i-BuA_NiCl3,4.52709434204311
3-Py_FM_BaCl3,4.52714311906002
3-Py_TriMA_GaCl3,4.52746693850804
Cs_GUA_CrCl3,4.52864432697816
TetraMA_AA_ZnBr3,4.52890226089635
3-Py_i-PA_GaCl3,4.52891219205202
i-PA_TroP_SrBr3,4.52922199711146
TetraMA_TroP_CdCl3,4.53054149159644
Az_MA_GaCl3,4.53077659963257
DiMA_MA_ZnBr3,4.53077848123251
EA_MA_ZnBr3,4.53077848123251
DiMA_IM_VCl3,4.5317987253915
GUA_i-BuA_CoCl3,4.53193701897206
HA_TroP_CrCl3,4.5324398783928
FM_PhA_BaBr3,4.53342605899349
HA_i-BuA_MnBr3,4.53343259136913
NH4_HY_CoCl3,4.53415941579475
PhA_Py_CdCl3,4.53446273989341
DiEA_TroP_ZnCl3,4.53454292429897
IM_Py_CrCl3,4.53482035146989
FA_TroP_SrCl3,4.53623096334805
TroP_Py_BeCl3,4.53708135101233
Cs_Az_VCl3,4.53717260887904
GUA_IM_ZnBr3,4.53731062086278
FM_DiEA_CoCl3,4.53751108466621
FA_PhA_MgBr3,4.53771975979339
HA_DiMA_GaCl3,4.53787902147111
HA_i-BuA_NiCl3,4.5381070207963
EA_TiZ_VCl3,4.53811373260131
EA_Cs_MnBr3,4.53828817592675
EA_PhA_BaI3,4.53842153864593
3-Py_HA_VCl3,4.53871935664965
HA_TroP_VCl3,4.53874166771866
DiEA_PhA_GaCl3,4.53876068551777
i-PA_Az_ZnBr3,4.5388289886665
Az_Py_BaCl3,4.53912796609769
GUA_Az_ZnBr3,4.54030280486193
HY_TroP_BeI3,4.54034880119873
TriMA_Az_SnCl3,4.54107064817987
FA_HY_HgCl3,4.54112506301467
HY_PhA_BaI3,4.54116250358562
DiEA_AA_InCl3,4.5412879081443
TetraMA_TroP_BeCl3,4.54160240672455
HY_PhA_VCl3,4.54166905685923
3-Py_EA_MgI3,4.54211769093195
FM_Az_BeI3,4.54220127632748
FM_HY_VCl3,4.54235145571578
3-Py_TiZ_CaBr3,4.54264684180131
TetraMA_PhA_ZnBr3,4.54267601290551
FA_MA_GaCl3,4.54297534174702
3-Py_Az_MgI3,4.5433911577576
TetraMA_i-BuA_MnBr3,4.54358295605393
3-Py_Az_GaCl3,4.54401080109303
DiEA_FA_SnCl3,4.54475524928514
AA_Py_CrCl3,4.54507737920141
TetraMA_GUA_MnCl3,4.54509896737838
PhA_Az_CaCl3,4.54526301216889
TetraMA_HY_MnCl3,4.54537454943752
FA_GUA_MnCl3,4.54695842721506
NH4_PhA_BaI3,4.54729474716038
PhA_TiZ_CaCl3,4.54741547055039
DiEA_IM_MgI3,4.54743800575179
DiEA_TiZ_SnCl3,4.547510333671
3-Py_DiMA_MgI3,4.54887428291989
TriMA_TroP_CdCl3,4.54904889199614
FM_HY_HgCl3,4.55011446034561
3-Py_DiEA_MnCl3,4.5501264748608
HA_HY_HgCl3,4.55032569526016
DiEA_PhA_HgCl3,4.5505615534404
HY_GUA_BaI3,4.55086543481761
DiEA_MA_MnCl3,4.55183430019312
3-Py_Az_BaCl3,4.5530002505804
HA_HY_CoCl3,4.55302810463601
PhA_i-BuA_GaCl3,4.55330613126439
HY_GUA_CoCl3,4.55357176842291
TetraMA_Py_MgI3,4.55371530353317
EA_Az_GaCl3,4.5540070890211
HY_Az_VCl3,4.55450621956834
3-Py_MA_GaCl3,4.55484385199822
Cs_i-BuA_CoCl3,4.55490264488732
IM_Py_VCl3,4.555644256296
TriMA_Py_MgI3,4.55650392049439
i-BuA_Py_SnCl3,4.55664134608513
PhA_AA_BaBr3,4.55676041481502
HA_PhA_CaI3,4.55700528419013
i-PA_DiMA_SnCl3,4.5575956954179
TetraMA_GUA_GaCl3,4.55823851494931
i-PA_TroP_CdCl3,4.55890573929631
FM_Cs_CoCl3,4.55899799829629
PhA_DiMA_BeI3,4.55958136153757
HA_TriMA_GaCl3,4.55978533039874
PhA_GUA_MgBr3,4.55990098623359
FA_TetraMA_GaCl3,4.560223345852
HY_PhA_CaI3,4.56082236829226
HA_i-PA_GaCl3,4.56123058394272
IM_Py_SrCl3,4.5614990550015
3-Py_Az_SrI3,4.56156861191233
FA_Py_CrCl3,4.56167266342698
DiMA_TiZ_CrCl3,4.56192951449758
EA_TiZ_CrCl3,4.56192951449758
HA_PhA_BaI3,4.56252574884007
PhA_DiMA_SrBr3,4.56272619529267
FM_HY_CrCl3,4.56283607450409
NH4_TroP_MgCl3,4.56286110189676
i-PA_MA_VCl3,4.56321823409195
TriMA_GUA_GaCl3,4.56352618320133
FA_NH4_GaCl3,4.56373114565152
FM_HA_SnCl3,4.56397166295339
FA_Cs_GeCl3,4.5644593295528
FM_TiZ_BeBr3,4.5648255205687
DiMA_i-BuA_CrBr3,4.56509848337518
EA_i-BuA_CrBr3,4.56509848337518
HA_TriMA_ZnBr3,4.56574079258504
EA_DiMA_ZnBr3,4.56606722125833
PhA_Az_SnCl3,4.56643271328827
TriMA_NH4_CrCl3,4.56646264044798
HA_TetraMA_GaCl3,4.56654388065194
HA_i-PA_ZnBr3,4.56718604612901
DiMA_TroP_CaCl3,4.56762949014478
EA_TroP_CaCl3,4.56762949014478
AA_TiZ_SrI3,4.56769338501449
HA_NH4_GaCl3,4.56834975273407
TriMA_MA_VCl3,4.56854365679141
TetraMA_AA_VCl3,4.56877630458547
EA_PhA_BaBr3,4.56882131705459
HY_i-BuA_CrBr3,4.56890790988643
TriMA_Az_CrCl3,4.56932092858215
NH4_DiMA_CrCl3,4.57019525484055
NH4_AA_CrCl3,4.57041416099362
FM_MA_GaCl3,4.57042153522606
i-PA_Az_CrCl3,4.57067465919416
DiEA_EA_CrCl3,4.57074469090086
Cs_TiZ_BaI3,4.57109676397968
GUA_IM_MgBr3,4.57119342985332
AA_TiZ_CrCl3,4.57126451703827
IM_TiZ_CrCl3,4.57127644750989
PhA_MA_BeBr3,4.57130981056577
DiMA_MA_GaCl3,4.57189511290085
EA_MA_GaCl3,4.57189511290085
DiMA_Az_VCl3,4.57418420259848
EA_Az_VCl3,4.57418420259848
DiEA_IM_PbCl3,4.57453392184136
HA_i-BuA_CrBr3,4.57539039658858
3-Py_i-BuA_MnCl3,4.5757900085778
NH4_PhA_CaI3,4.57583124725029
HY_MA_MgI3,4.57615984216846
3-Py_PhA_BaBr3,4.57700792368927
Cs_i-PA_MnCl3,4.57708973633918
PhA_MA_SrI3,4.57794037484142
3-Py_Az_BaI3,4.57851887108806
i-PA_Az_SnCl3,4.57877267787599
3-Py_DiMA_GaCl3,4.57908169597908
3-Py_EA_GaCl3,4.57908169597908
FM_Az_BaBr3,4.57908824700563
DiMA_IM_CrCl3,4.57973875936331
EA_IM_CrCl3,4.57973875936331
PhA_DiMA_SrI3,4.57979427664957
TetraMA_Az_VBr3,4.58001481970295
AA_MA_CrCl3,4.58047974034815
GUA_MA_GaCl3,4.58084329389729
DiEA_Cs_GeCl3,4.58090090211319
Cs_TroP_BeCl3,4.58098846388286
3-Py_FA_CaI3,4.58105353985497
PhA_i-BuA_SrI3,4.58126002401796
DiMA_i-BuA_NiCl3,4.58181271064663
EA_i-BuA_NiCl3,4.58181271064663
i-PA_IM_CrCl3,4.58289792855949
NH4_TroP_SrCl3,4.58306578228838
GUA_Py_CrCl3,4.58311907174321
HA_NH4_TiCl3,4.5835139850049
FA_PhA_CaI3,4.5839995618317
FM_NH4_GaCl3,4.58404501849607
DiEA_NH4_ZnBr3,4.58503841543397
HA_GUA_ZnBr3,4.58522184931046
DiEA_EA_MnCl3,4.5859725182943
DiMA_GUA_GaCl3,4.58676969392305
EA_GUA_GaCl3,4.58676969392305
i-PA_Py_MgI3,4.58690045654393
AA_TiZ_BeBr3,4.58695628398104
IM_TiZ_GeCl3,4.58727353793011
HY_PhA_PbCl3,4.58731794044506
HY_DiMA_ZnBr3,4.58829967449263
AA_TiZ_BeI3,4.58844402300711
Az_TiZ_MgBr3,4.58900573375768
i-PA_PhA_SrI3,4.59001333402735
Cs_MA_VBr3,4.59283482826967
3-Py_TetraMA_CdCl3,4.59285630751357
FA_HY_NiCl3,4.59306959303631
TriMA_IM_CrCl3,4.59307551908818
PhA_Py_SrCl3,4.59310642830815
IM_AA_CrCl3,4.59431973078936
3-Py_Py_BaCl3,4.59468211360533
AA_Py_VCl3,4.59505579953935
EA_AA_GaCl3,4.59544923130089
HY_PhA_CrCl3,4.59560553022016
DiEA_DiMA_CrCl3,4.59659576499125
HA_i-BuA_CoCl3,4.5966531189553
HA_Cs_CoCl3,4.59687151725781
TroP_i-BuA_PbCl3,4.59763421948034
DiEA_i-BuA_CrCl3,4.59823098514735
i-PA_TiZ_CrCl3,4.59866998141661
3-Py_Az_VCl3,4.59882082500637
TriMA_PhA_SrI3,4.59888082602472
TroP_AA_GeCl3,4.59890825754836
i-PA_MA_CrCl3,4.59918112136144
TroP_AA_BaCl3,4.59948425102343
3-Py_TroP_CdCl3,4.59966898673901
FM_i-BuA_CrCl3,4.60109970886427
DiEA_Cs_CoCl3,4.60285299583374
AA_MA_VCl3,4.6033621214573
EA_TroP_CaBr3,4.60343019473367
i-PA_Py_VCl3,4.60352147378896
i-PA_PhA_CrCl3,4.60521242227915
TriMA_TetraMA_VBr3,4.60550069270588
DiEA_TiZ_GaCl3,4.60563380451196
DiEA_i-BuA_CdBr3,4.60648025998008
HY_AA_GaCl3,4.60657112052989
3-Py_Az_CrCl3,4.60690817170585
DiMA_GUA_MnCl3,4.60739708461098
EA_GUA_MnCl3,4.60739708461098
TetraMA_i-PA_PbCl3,4.60745763199099
Py_MA_MgBr3,4.6075494274067
FM_TroP_BeCl3,4.60844601219382
HY_i-BuA_CoCl3,4.60931357601067
HY_i-BuA_VBr3,4.6101243440352
Cs_PhA_BeI3,4.61103277494684
FM_GUA_MgBr3,4.61126743225539
TroP_MA_CdCl3,4.61204776528005
FM_DiEA_CrCl3,4.61336728601693
TetraMA_i-PA_VBr3,4.61355640603745
DiMA_Az_GaCl3,4.6137450337743
TriMA_Py_VCl3,4.61429638364408
TriMA_MA_CrCl3,4.61442825154201
i-PA_Py_CrCl3,4.61446858500274
FA_TetraMA_CrCl3,4.61509151356672
3-Py_TiZ_BaCl3,4.61541000609455
TriMA_NH4_GaCl3,4.61636663581355
DiEA_DiMA_MnCl3,4.61668967689098
3-Py_FM_MgBr3,4.61675245851932
TriMA_PhA_VCl3,4.61692204004021
TetraMA_IM_MgI3,4.61732994988836
HA_MA_MgI3,4.61748840384235
TriMA_HY_ZnBr3,4.61814754370359
DiEA_i-BuA_VCl3,4.61850601290215
PhA_TiZ_BeCl3,4.61859050382735
FM_FA_GaCl3,4.61920284084952
PhA_AA_SrI3,4.61928972159535
GUA_i-BuA_HgCl3,4.61934205844035
TetraMA_Az_TiCl3,4.61941516760766
Cs_i-BuA_GeCl3,4.61985493750052
TetraMA_Az_CrBr3,4.62029115022487
FA_TroP_GeCl3,4.62183881385325
i-BuA_TiZ_MgBr3,4.62222124282352
FA_HA_NiCl3,4.62296296998512
IM_i-BuA_MgI3,4.62316626850787
TetraMA_IM_CrCl3,4.62350693625981
NH4_Az_GaCl3,4.62410818775174
TriMA_HY_GaCl3,4.62492434565176
DiMA_TroP_CaBr3,4.62506522538487
TriMA_Py_CrCl3,4.62546257806407
TriMA_NH4_VCl3,4.62556418775788
DiEA_TroP_SrCl3,4.62561173560631
AA_Az_MgI3,4.62595312284539
3-Py_i-BuA_GaCl3,4.62597266765933
TetraMA_i-BuA_ZrCl3,4.62759669697082
FA_HY_CoCl3,4.6283796923698
HA_i-BuA_VBr3,4.62899592417021
Cs_Az_CdCl3,4.62907026214904
DiEA_MA_VCl3,4.62914084019111
EA_HY_ZnBr3,4.62917942083989
PhA_AA_BeI3,4.62947624057969
FA_IM_BaI3,4.62980336765667
FA_TroP_CaCl3,4.6300679083037
FM_Py_BeBr3,4.63043482988207
TetraMA_GUA_CrCl3,4.63057138272155
HY_TiZ_SrI3,4.63061719393441
TriMA_TetraMA_CrBr3,4.63085219929557
HA_AA_GaCl3,4.63105698746479
Cs_HY_CoCl3,4.63248548153388
DiEA_i-BuA_HgCl3,4.63268186271796
IM_i-BuA_GaCl3,4.63304437695414
TriMA_PhA_CrCl3,4.63318179331605
GUA_TroP_CaCl3,4.63360943186315
TetraMA_Cs_TiCl3,4.63410158271095
HA_IM_BaI3,4.63480441771562
Cs_Py_BaCl3,4.63487421986532
PhA_MA_SnCl3,4.63532436093732
TriMA_TetraMA_TiCl3,4.63588000578763
NH4_Py_CaI3,4.63596690405116
3-Py_FA_BaI3,4.63597531387968
DiMA_AA_GaCl3,4.63660741646096
i-PA_AA_CrCl3,4.63671833382162
HA_Az_CrCl3,4.63683222640743
FM_NH4_CrCl3,4.63707348141291
DiEA_i-BuA_VBr3,4.6372726432506
3-Py_TriMA_CdCl3,4.63750506774575
DiEA_EA_InCl3,4.63753979954719
TriMA_Py_GaCl3,4.6375583240866
HY_Az_MgI3,4.63772903961108
FM_TetraMA_BaBr3,4.6377576888678
i-PA_HY_ZnBr3,4.63777957075183
NH4_i-BuA_CoCl3,4.63827904680728
HY_Py_VCl3,4.6382796518845
HY_Py_CrCl3,4.63873201787794
TetraMA_i-PA_CrBr3,4.63890791262714
FM_AA_BeI3,4.63909685025088
3-Py_HA_BaBr3,4.63917700137708
i-PA_TiZ_VCl3,4.64016513394674
DiMA_Az_CrCl3,4.64109409839099
EA_Az_CrCl3,4.64109409839099
DiMA_i-BuA_InCl3,4.64129845594657
Cs_MA_NiCl3,4.64164175537954
TriMA_TetraMA_PbCl3,4.64200408750071
TriMA_TiZ_MgBr3,4.64226759706326
DiEA_DiMA_InCl3,4.64230104600362
TetraMA_i-PA_TiCl3,4.64256486763462
DiEA_Cs_TiCl3,4.6426290714247
TetraMA_Py_CaI3,4.64423209109338
NH4_GUA_CrCl3,4.64449446489813
NH4_TroP_ZnCl3,4.64496344378919
HA_GUA_CoCl3,4.64524907058133
EA_DiMA_VCl3,4.64534509089285
HA_DiMA_MgI3,4.64572742830039
PhA_GUA_CaI3,4.64578114771802
HY_TiZ_BaI3,4.6463239712193
TroP_MA_ZnCl3,4.64780138913932
GUA_IM_BeBr3,4.64845217260347
DiEA_MA_CrCl3,4.64862430138617
EA_PhA_PbCl3,4.64883339813429
EA_i-BuA_InCl3,4.64906527484943
TetraMA_AA_CrCl3,4.64931403651294
HA_Py_CrCl3,4.64936867257531
HA_Py_VCl3,4.64944438795168
FA_Cs_NiCl3,4.65001601651692
HA_AA_ZnBr3,4.65093079859335
TriMA_TiZ_VCl3,4.65094004380185
FM_NH4_VCl3,4.65165653623494
3-Py_GUA_CaI3,4.65245243259314
TetraMA_PhA_SrI3,4.65247482070578
i-PA_Py_GaCl3,4.65263037435144
EA_FA_VCl3,4.65374718568839
TriMA_MA_SnCl3,4.6540502089494
EA_PhA_GaCl3,4.65541742920917
TroP_Py_CdCl3,4.6555320601213
Cs_i-PA_VCl3,4.65578854855694
PhA_AA_PbCl3,4.65640734230397
PhA_DiMA_SnCl3,4.65671196562036
FA_TetraMA_ZnBr3,4.65746545677899
i-PA_TiZ_MgBr3,4.6580189998461
PhA_Az_SrBr3,4.6585912079516
FA_TriMA_ZnBr3,4.65871752853224
Cs_AA_MgI3,4.65938488459159
3-Py_AA_CaI3,4.65947245407724
PhA_IM_MgCl3,4.65960204180032
FA_i-PA_ZnBr3,4.66016278207621
DiMA_i-BuA_MgI3,4.6605813791155
FM_DiEA_GaCl3,4.66075722233156
TriMA_Cs_CrCl3,4.66166706157483
i-BuA_TiZ_CaI3,4.66250994745081
FA_DiMA_VCl3,4.66254408842935
TriMA_AA_CrCl3,4.66410513175069
HY_i-BuA_MgI3,4.66498855774024
Cs_DiMA_CdCl3,4.66566469074541
i-BuA_MA_VCl3,4.66571499579064
i-PA_PhA_BaI3,4.66604544651094
PhA_AA_BaI3,4.66617393661014
FA_MA_MgI3,4.66643579815672
3-Py_FA_MgBr3,4.66645294098366
IM_MA_VCl3,4.66672043799065
EA_NH4_CrCl3,4.66692072395584
NH4_i-PA_GaCl3,4.66712854862817
FM_Az_BaCl3,4.66732181347253
FM_PhA_BaCl3,4.66794690881971
FM_Cs_TiCl3,4.6685318274935
Cs_Py_ZnCl3,4.66866510467895
NH4_AA_MgI3,4.66876501169861
EA_DiMA_SnCl3,4.66898563769651
TroP_Az_CdCl3,4.66931526486406
NH4_i-PA_MgI3,4.66939450490137
PhA_MA_CaBr3,4.66968421134632
FA_i-BuA_GaCl3,4.67038028555714
PhA_MA_SrBr3,4.67057078276917
HA_PhA_SrI3,4.67079712321542
MA_TiZ_VCl3,4.67163334143995
Py_TiZ_SrCl3,4.67207566298307
FM_IM_GeCl3,4.67215224325797
i-PA_HY_GaCl3,4.67225128163888
PhA_TiZ_MgCl3,4.67232574550225
IM_MA_CrCl3,4.67245806146632
i-PA_GUA_GaCl3,4.67269871625584
DiEA_TriMA_CdCl3,4.67333580194469
FM_Cs_VCl3,4.67400544205838
NH4_TiZ_SrBr3,4.67457272008222
DiEA_i-PA_CdCl3,4.67478105548866
TriMA_PhA_BaI3,4.67491293850831
FM_GUA_GaCl3,4.6762858600871
PhA_GUA_SnCl3,4.67692278569623
3-Py_i-PA_CdCl3,4.67692823703741
IM_TiZ_VCl3,4.67729499907405
FA_TriMA_CrCl3,4.67855610740071
FM_GUA_SrBr3,4.67891799550348
EA_HA_GaCl3,4.67936849314569
FA_i-PA_CrCl3,4.68000136094468
TetraMA_i-BuA_InCl3,4.6820778410146
NH4_DiMA_MgI3,4.68224880941298
i-BuA_AA_CdCl3,4.68326941366588
MA_TiZ_CrCl3,4.68338577391149
NH4_GUA_VCl3,4.6838211428548
FA_Cs_TiCl3,4.68401617033021
GUA_TroP_SrCl3,4.6840919749813
3-Py_Az_CaI3,4.68423703920058
PhA_MA_BaCl3,4.68456099836656
FM_DiEA_ZnBr3,4.68503359759503
i-PA_TiZ_CaI3,4.68533842476583
FM_i-BuA_ZnBr3,4.68553933158656
EA_MA_CrCl3,4.6860844928636
HY_PhA_SrI3,4.6867991365059
NH4_AA_VCl3,4.68733887883006
FM_i-BuA_GaCl3,4.68737720300055
PhA_MA_CdCl3,4.68805871097714
NH4_i-BuA_ZnBr3,4.68811403854198
3-Py_GUA_BaI3,4.68851606368198
HY_DiMA_CrCl3,4.68860373899097
FA_TriMA_VCl3,4.68861850881701
i-PA_PhA_PbCl3,4.6892912650595
TriMA_TiZ_CaI3,4.68939997378994
FA_i-PA_VCl3,4.69006376236099
HA_TroP_SrCl3,4.69074244537489
TriMA_TetraMA_InCl3,4.69342540685329
DiEA_GUA_SnCl3,4.6935905112078
FA_DiMA_CrCl3,4.69366244358957
HA_HY_GaCl3,4.69427041481533
GUA_i-BuA_GaCl3,4.69507006894796
GUA_TroP_GeCl3,4.69563164705418
PhA_DiMA_BaI3,4.696481816414
TetraMA_Az_GaCl3,4.69724420021664
NH4_DiMA_VCl3,4.69804195552366
NH4_Py_SrI3,4.69857173280302
EA_Cs_CdCl3,4.69877826726436
i-BuA_Py_GaCl3,4.69882718244196
PhA_IM_ZnCl3,4.69886871339262
DiMA_MA_CrCl3,4.69899231434011
PhA_IM_SrCl3,4.69909575328849
EA_FA_CrCl3,4.69920370525028
Cs_PhA_BaBr3,4.69932817332207
TetraMA_HY_SnCl3,4.69950878816156
i-BuA_AA_ZnCl3,4.69985648552536
i-PA_PhA_VCl3,4.6998653708442
TetraMA_i-BuA_GaCl3,4.70008980278942
TetraMA_i-PA_InCl3,4.70011062068087
NH4_TroP_GeCl3,4.70041094049884
FA_PhA_ZnCl3,4.70049666754428
FA_IM_BeBr3,4.70187728827199
NH4_PhA_MgBr3,4.70496393430935
DiMA_AA_ZnBr3,4.70565206834325
EA_AA_ZnBr3,4.70565206834325
FM_TiZ_BaCl3,4.70600473570804
Cs_Py_MgBr3,4.70611332668576
3-Py_Az_BaBr3,4.70644352486383
HA_NH4_GeCl3,4.70681111758379
i-BuA_MA_CrCl3,4.70727964729273
3-Py_AA_BaI3,4.70762521347724
Az_TiZ_CaI3,4.7081061553383
i-PA_i-BuA_VBr3,4.70816237233836
FA_HA_CoCl3,4.70882344384845
FA_PhA_SrI3,4.71008662070224
Cs_HY_TiCl3,4.71021522697358
3-Py_DiMA_BaI3,4.71064241870112
3-Py_TiZ_BaBr3,4.71090840168583
FA_GUA_GaCl3,4.71097765009303
FM_HY_MgBr3,4.71235240992401
TriMA_PhA_PbCl3,4.71357400622835
TetraMA_i-BuA_CrBr3,4.71372563034737
FA_Cs_MnCl3,4.71374317721939
FM_HA_GaCl3,4.71600996362944
i-PA_MA_SnCl3,4.71609002596629
3-Py_HY_BeI3,4.71659584100178
3-Py_PhA_GeCl3,4.71661520420387
HA_i-BuA_GaCl3,4.71757774926787
NH4_AA_GaCl3,4.71832269511741
FA_i-BuA_MgI3,4.7189699757083
FM_DiMA_MgBr3,4.71904316215535
FM_EA_MgBr3,4.71904316215535
DiEA_HA_GaCl3,4.72003836040744
3-Py_IM_BaI3,4.72006123759859
EA_AA_CrCl3,4.72043512085473
TriMA_AA_ZnBr3,4.72115765960443
HA_NH4_MnCl3,4.72122394548011
DiMA_AA_CrCl3,4.72177752706796
PhA_AA_ZnCl3,4.72194955277188
FA_TiZ_CaBr3,4.72375445997529
EA_PhA_BeI3,4.72469887544837
IM_i-BuA_VCl3,4.72497209946163
EA_DiMA_CrCl3,4.72503264574412
FA_TiZ_VCl3,4.72505027336357
FM_PhA_CaBr3,4.72532690163935
Cs_TiZ_CdCl3,4.72596086835045
FA_i-BuA_VCl3,4.72744581492877
EA_AA_VCl3,4.72756703293024
Cs_GUA_VCl3,4.72767165118239
DiMA_AA_VCl3,4.72778611613647
3-Py_TetraMA_CrCl3,4.72829471523585
DiMA_GUA_ZnBr3,4.72850645457809
EA_GUA_ZnBr3,4.72850645457809
TriMA_Cs_TiCl3,4.72879033075111
PhA_TroP_CdCl3,4.72894927372073
TetraMA_i-BuA_VBr3,4.72969279937687
3-Py_EA_BaI3,4.73064656313751
Az_Py_BeI3,4.73097166859995
FM_HY_GaCl3,4.73110662428249
EA_MA_VCl3,4.73141600609061
PhA_i-BuA_BeI3,4.73174575706292
3-Py_TroP_SrCl3,4.73291011905909
GUA_IM_BaI3,4.73367477489782
3-Py_TetraMA_VCl3,4.73418581028754
EA_PhA_SrBr3,4.73434510357031
HY_AA_CrCl3,4.73541863461395
PhA_i-BuA_ZnBr3,4.73577901926534
PhA_i-BuA_PbCl3,4.73751049040912
HY_GUA_CrCl3,4.73834310341637
DiEA_TetraMA_InCl3,4.73851052204092
NH4_i-BuA_MgI3,4.73859126484382
TriMA_TroP_BaCl3,4.73913138039456
HY_TiZ_BeI3,4.74018929930457
DiMA_MA_VCl3,4.74050871952067
3-Py_HA_BeI3,4.74060746320434
i-PA_AA_ZnBr3,4.74078968665268
NH4_IM_BeI3,4.74113704231725
PhA_MA_ZnCl3,4.74168116080055
FA_NH4_CrCl3,4.74169595434944
HY_MA_CrCl3,4.7427149427377
HA_DiMA_CrCl3,4.74276679569822
HY_DiMA_GaCl3,4.74291680536583
HA_GUA_CrCl3,4.74462492272309
i-PA_GUA_CrCl3,4.74572279062033
Az_Py_BeBr3,4.74591384451985
HY_IM_CrCl3,4.74600684799506
Cs_HY_VCl3,4.74650675210336
DiMA_TiZ_CaI3,4.74668584930811
EA_TiZ_CaI3,4.74668584930811
HA_HY_TiCl3,4.74713254755927
i-BuA_AA_SnCl3,4.74903947595906
Cs_AA_CdCl3,4.74918435126612
HY_GUA_GaCl3,4.74949624579707
TetraMA_DiMA_SnCl3,4.75016505036023
FA_i-BuA_MnCl3,4.75096623651221
FA_TiZ_CrCl3,4.75171772065756
IM_Az_BaI3,4.75192994149405
FA_HY_GaCl3,4.75251197463223
DiEA_Py_SnCl3,4.75265310325516
DiEA_FA_GaCl3,4.75311285781822
FM_IM_BeBr3,4.75413311648891
AA_TiZ_SrBr3,4.75420726944291
Az_MA_MgI3,4.75471642380112
3-Py_PhA_BaCl3,4.75518761586443
TriMA_i-BuA_VBr3,4.75624132470463
Cs_NH4_TiCl3,4.75670919827798
HY_i-BuA_SnCl3,4.75704253112814
TriMA_GUA_ZnBr3,4.75710759271362
DiEA_TiZ_CaI3,4.75812921263697
FA_Az_VCl3,4.75828853326121
i-PA_TroP_BaCl3,4.75845468812822
FA_Py_CaI3,4.75853014711027
FM_PhA_SrCl3,4.75872741973925
PhA_DiMA_GaCl3,4.75895646951296
TriMA_GUA_CrCl3,4.75919862255463
Cs_Py_BaI3,4.75945131795655
3-Py_PhA_BeBr3,4.76046491278427
NH4_i-BuA_SnCl3,4.76080040452977
DiMA_i-BuA_TiCl3,4.7626470403595
EA_TetraMA_SnCl3,4.76287744870309
DiEA_AA_CdCl3,4.76306900049673
FM_IM_ZnCl3,4.76360293306264
EA_HY_MgI3,4.76473800249987
TetraMA_i-BuA_PbCl3,4.76537932760855
HA_TriMA_CrCl3,4.7658088757486
i-BuA_MA_SnCl3,4.76610364113962
GUA_i-BuA_VCl3,4.76611317026823
EA_HY_CrCl3,4.76639405697716
3-Py_DiMA_CaI3,4.76672940783224
3-Py_EA_CaI3,4.76672940783224
3-Py_Cs_ZnCl3,4.76689992546403
EA_IM_CaI3,4.76690161406066
DiMA_IM_CaI3,4.76702282919271
3-Py_TriMA_VCl3,4.76710243925135
HA_i-PA_CrCl3,4.76725412929258
HY_Py_BaI3,4.76842759702545
FA_GUA_ZnBr3,4.76848734646001
HA_GUA_GaCl3,4.76926117508605
FM_PhA_CdCl3,4.76959822839157
TriMA_i-PA_SnCl3,4.77026287112836
FA_IM_CrCl3,4.77041250232563
FM_HY_BaBr3,4.7714443787239
HA_IM_SrI3,4.7716041132246
FA_Az_CrCl3,4.7720810271402
3-Py_FA_SrBr3,4.77210458728417
GUA_MA_CrCl3,4.77252368931142
FA_Py_MgBr3,4.7734619191774
NH4_MA_CrCl3,4.77447315662708
Az_Py_CaBr3,4.7745844406026
FA_Py_BaI3,4.77480963335499
EA_i-BuA_TiCl3,4.77486312998934
Py_TiZ_ZnCl3,4.77508035806209
HA_Az_BaI3,4.77511608627458
TroP_MA_GeCl3,4.77584498391535
HA_TetraMA_VCl3,4.77617981959259
TetraMA_GUA_ZnBr3,4.77652096458054
i-PA_GUA_ZnBr3,4.77673961976187
i-PA_i-BuA_CrBr3,4.77740436612922
GUA_MA_BaI3,4.7778122710695
3-Py_AA_SrI3,4.7779795813195
Az_Py_CaCl3,4.77808830813099
DiEA_PhA_BeI3,4.77842512954798
HA_AA_CrCl3,4.77925986800482
TetraMA_HY_ZnBr3,4.78110948392434
DiEA_TetraMA_PbCl3,4.78139472645386
TetraMA_HY_CrCl3,4.78151305577856
HA_HY_MnCl3,4.78157663577765
TriMA_i-BuA_CrBr3,4.78159283129432
AA_Py_BaI3,4.78230495006993
HA_TetraMA_ZnBr3,4.78271417821657
EA_PhA_BeBr3,4.78274130056286
EA_TiZ_BaBr3,4.78312081864169
3-Py_AA_BeI3,4.7834267839243
FM_Az_ZnCl3,4.7841354121912
NH4_MA_VCl3,4.78442889141478
3-Py_Az_MgBr3,4.78457448099431
EA_TiZ_BaI3,4.78491101676689
HA_IM_CrCl3,4.78628963864828
AA_Py_CaI3,4.78657624318828
3-Py_TriMA_CrCl3,4.78682514637427
HA_MA_CrCl3,4.78695407364535
NH4_PhA_BeI3,4.78705899287199
IM_AA_CaI3,4.78727895301603
MA_TiZ_BaI3,4.78746359681393
NH4_GUA_GaCl3,4.78757762608918
Cs_PhA_ZnCl3,4.78764197527485
TriMA_TroP_BeCl3,4.78786607856901
TriMA_TiZ_BeI3,4.78806318508245
TetraMA_MA_ZnBr3,4.78945379601073
IM_i-BuA_ZnBr3,4.78979665713333
3-Py_IM_BeI3,4.79038876626894
TriMA_GUA_VCl3,4.79091185706171
HY_AA_BaI3,4.79129439140757
FA_MA_CrCl3,4.79140485425271
HA_TetraMA_CrCl3,4.7919047872719
FM_TroP_ZnCl3,4.7925694748987
i-PA_TiZ_BeI3,4.79346516868843
HY_MA_GaCl3,4.79546814333675
HY_TroP_CdCl3,4.7969527337168
Az_TiZ_BaI3,4.79795450023314
DiMA_TiZ_BaI3,4.79851819666519
GUA_Py_CaI3,4.79858876739109
FM_TiZ_GeCl3,4.8007940325513
IM_i-BuA_CrCl3,4.80095078149092
FM_NH4_MgBr3,4.80100133946114
TetraMA_TiZ_BeI3,4.80213304110963
3-Py_IM_CaBr3,4.80224482142767
i-PA_TroP_BeCl3,4.80229845271261
GUA_IM_CrCl3,4.80245175662025
HY_TiZ_BaBr3,4.80249379912671
3-Py_NH4_BeI3,4.80298280886888
FA_Cs_CrCl3,4.80385241003308
DiEA_PhA_ZnBr3,4.80388076617915
FM_TroP_CdCl3,4.80412601879546
DiMA_IM_BaI3,4.80452480418759
GUA_Py_BaI3,4.80452497688367
FM_AA_BaBr3,4.80458657836476
FM_GUA_BaBr3,4.80505901096521
DiEA_i-BuA_InCl3,4.80512316756005
HA_Py_BaI3,4.80533397280539
EA_IM_BaI3,4.80546226131999
TriMA_PhA_BeI3,4.80638552110601
3-Py_i-PA_VCl3,4.80646988414911
3-Py_FA_BeI3,4.80701834127656
HA_MA_GaCl3,4.807105800323
FM_TetraMA_BeI3,4.80792804340907
GUA_Az_CrCl3,4.80812299291831
3-Py_HA_SrI3,4.80857939370745
PhA_Az_ZnCl3,4.80985538385071
TriMA_HY_CrCl3,4.80986688415846
TetraMA_AA_GaCl3,4.80998991131221
3-Py_PhA_CaCl3,4.81008621986746
GUA_TiZ_VCl3,4.81044995342429
AA_MA_MgI3,4.81061432288695
TriMA_TiZ_BaI3,4.81076537713787
i-PA_TiZ_BaI3,4.81131203056673
3-Py_FM_BeBr3,4.81195599815355
FM_TetraMA_SrBr3,4.8123056138745
Cs_TiZ_BaCl3,4.81261029186455
EA_HY_GaCl3,4.81275266746255
i-PA_HY_CrCl3,4.81276749940299
DiEA_GUA_GaCl3,4.81320454639747
Cs_HY_CrCl3,4.8133312642578
FA_HY_CrCl3,4.8134178380838
PhA_i-BuA_CdCl3,4.81366905706557
FA_IM_SrBr3,4.81652276203957
Cs_AA_CrCl3,4.81711374991275
FM_HA_MgBr3,4.81719017160421
DiEA_FA_ZnBr3,4.81782341252358
i-PA_GUA_VCl3,4.81918287407337
IM_Az_BeBr3,4.81943900380647
3-Py_FM_ZnCl3,4.81953314079185
DiEA_TiZ_MgBr3,4.82088831792685
TetraMA_Az_ZnBr3,4.82090313780084
Py_TiZ_MgCl3,4.82111900725358
TroP_Az_SrCl3,4.8212549292536
i-PA_PhA_BeI3,4.82155212851936
AA_Py_BaBr3,4.82248534940952
3-Py_GUA_BeI3,4.82301181823229
Cs_PhA_SrBr3,4.82442326323763
FM_TetraMA_BaCl3,4.82549458562717
FA_PhA_BaI3,4.82599280514132
3-Py_i-PA_CrCl3,4.82619259127204
HY_TiZ_VCl3,4.82675144168345
TroP_AA_CaCl3,4.82728042515668
i-PA_TiZ_SrI3,4.82784481698982
HY_TiZ_CrCl3,4.8280663212826
TriMA_i-PA_GaCl3,4.82891147796834
DiEA_Cs_VCl3,4.82897400405768
HY_IM_VCl3,4.82934639240838
Cs_IM_MgBr3,4.82936110462657
TetraMA_PhA_BaI3,4.83046373122484
3-Py_DiEA_ZnBr3,4.83058385129703
IM_TiZ_SrCl3,4.83119864580811
PhA_Az_BaCl3,4.83141462736096
FA_IM_VCl3,4.83145807237364
FM_FA_BeI3,4.83151911472032
DiEA_TroP_CdCl3,4.83168770596048
i-BuA_Az_CdCl3,4.83195480668764
GUA_IM_VCl3,4.83244511491293
GUA_TiZ_CrCl3,4.83248102962935
DiEA_GUA_CdCl3,4.83301430701312
Py_MA_BaI3,4.83335886927181
TriMA_TetraMA_ZnBr3,4.83405149117196
DiEA_TriMA_PbCl3,4.83406573735399
TriMA_TiZ_SrI3,4.83426357370522
FM_Az_CdCl3,4.83450750955037
3-Py_GUA_BeBr3,4.83512382110216
Cs_AA_VCl3,4.83535860681434
FM_PhA_ZnCl3,4.83593962750929
HA_TroP_CdCl3,4.83782437209122
NH4_HY_GeCl3,4.83803492381078
HA_PhA_BeI3,4.83857995479214
HA_i-BuA_MgI3,4.83938080552393
i-BuA_Py_CaCl3,4.839512014439
NH4_i-BuA_VCl3,4.83954254379009
TetraMA_Cs_VCl3,4.84060256424454
Cs_AA_TiCl3,4.84064536155495
PhA_GUA_CdCl3,4.84248677712231
TriMA_IM_CaI3,4.84323374056789
FA_HA_GaCl3,4.84326660178372
TetraMA_i-PA_ZnBr3,4.84417423856971
DiMA_GUA_VCl3,4.84558354100757
EA_GUA_VCl3,4.84558354100757
EA_FA_MgI3,4.84608172599792
HA_TiZ_CrCl3,4.84681401122397
i-PA_HY_VCl3,4.84761427648102
DiMA_TiZ_MgBr3,4.84771911941883
3-Py_PhA_SrBr3,4.84871472037922
i-BuA_AA_GaCl3,4.8500357834625
PhA_AA_SrBr3,4.85022781973811
TriMA_MA_CdCl3,4.85039644290322
DiEA_Py_GaCl3,4.85087785362174
GUA_IM_BeI3,4.85128073641559
3-Py_FM_GeCl3,4.85130025034089
i-PA_IM_CaI3,4.85179261916841
Cs_DiMA_MnCl3,4.8518929865383
i-PA_TiZ_BaBr3,4.85191358124865
HY_PhA_BeI3,4.85274282382766
Cs_i-BuA_TiCl3,4.85338807266811
EA_PhA_CaBr3,4.85382725904196
DiEA_TiZ_ZnCl3,4.85403836710579
FA_i-BuA_CrCl3,4.85406177177822
DiEA_i-PA_PbCl3,4.85430329000906
FM_TiZ_ZnCl3,4.85483056232716
FM_MA_MgBr3,4.85552079270169
TriMA_TiZ_BaBr3,4.85572446125625
GUA_Az_VCl3,4.85609629894862
PhA_MA_GaCl3,4.85684095581061
EA_NH4_GaCl3,4.85685381749672
TetraMA_Cs_MnCl3,4.85777366557056
3-Py_IM_SrBr3,4.85786275614444
Cs_Py_BeI3,4.85816363805307
TriMA_HY_VCl3,4.85827096384891
HY_DiMA_VCl3,4.85882383713673
AA_Py_BeI3,4.8588256303579
TroP_i-BuA_BeCl3,4.85904866726273
FM_TroP_MgCl3,4.85914865934238
DiEA_HY_MgI3,4.85917104491014
EA_TiZ_MgBr3,4.86033088543464
TriMA_TiZ_GeCl3,4.86131078454024
EA_IM_MgBr3,4.86148204472166
PhA_IM_BeCl3,4.86212720256564
TriMA_Az_GaCl3,4.86229657653912
TriMA_Cs_MnCl3,4.86300694469935
TroP_Py_SrCl3,4.86360148252639
DiEA_PhA_SnCl3,4.86469774014625
TriMA_NH4_MgI3,4.86479417311629
FA_IM_BeI3,4.86580705017017
TetraMA_TiZ_CaI3,4.86581054426191
FA_NH4_VCl3,4.86719630066944
PhA_AA_GaCl3,4.86768106599973
DiMA_IM_MgBr3,4.86770400362387
DiEA_IM_GaCl3,4.86868545464811
DiMA_TroP_BeCl3,4.86893883737781
EA_TroP_BeCl3,4.86893883737781
i-PA_MA_CdCl3,4.8694440366617
HA_i-BuA_MnCl3,4.86971669267361
NH4_Py_CdCl3,4.87011801983363
FM_MA_CdCl3,4.87076239540448
i-BuA_Py_MgBr3,4.87156848844966
DiEA_TriMA_ZnBr3,4.87198156195036
TetraMA_HY_VCl3,4.87258562213886
i-BuA_TiZ_ZnCl3,4.87295844870788
DiEA_i-PA_ZnBr3,4.87342681549433
FA_DiMA_MgI3,4.87371977009931
TetraMA_Cs_CrCl3,4.87375199318758
FM_FA_CdCl3,4.87377362190176
FM_DiMA_CdCl3,4.87388342497594
FM_EA_CdCl3,4.87388342497594
Py_MA_CaBr3,4.87424698206646
PhA_GUA_SrI3,4.87428220965762
FM_TiZ_SrCl3,4.87623652257346
HY_i-BuA_GaCl3,4.87657186236586
3-Py_HA_MgBr3,4.87723378834211
FM_Cs_MnCl3,4.87739500089298
HY_i-BuA_MnCl3,4.87756556771017
FM_TiZ_CaCl3,4.87784841093355
DiEA_TetraMA_CdCl3,4.87830693745
i-PA_TiZ_GeCl3,4.87840754044717
HA_TriMA_VCl3,4.87851337779959
PhA_i-BuA_SnCl3,4.87949050534348
Az_TiZ_BaBr3,4.87971512194181
i-PA_Py_CaI3,4.8799166032841
HA_i-PA_VCl3,4.88062179009982
3-Py_TiZ_GeCl3,4.88114163155284
DiMA_GUA_CrCl3,4.88119167487504
EA_GUA_CrCl3,4.88119167487504
EA_NH4_MgI3,4.88167253020104
3-Py_NH4_CdCl3,4.88253435203103
EA_DiMA_CdCl3,4.88332450084444
FA_HA_CrCl3,4.88388010543629
TriMA_Py_CaI3,4.88397815230821
PhA_TiZ_CdCl3,4.88568664125031
HA_NH4_CrCl3,4.88650478382432
GUA_TroP_ZnCl3,4.88726423439243
EA_i-PA_GaCl3,4.88774301532972
FM_DiMA_ZnCl3,4.88803894488256
FM_EA_ZnCl3,4.88803894488256
HY_TiZ_BeBr3,4.88857256217663
TetraMA_TiZ_BaI3,4.8890525727879
TriMA_TiZ_BeBr3,4.88960308587272
FA_AA_VCl3,4.88968285331179
3-Py_GUA_SrBr3,4.88986981910135
FM_AA_ZnCl3,4.88992737259383
i-PA_Az_GaCl3,4.88998905442858
3-Py_FA_BaBr3,4.89009256835565
i-BuA_TiZ_BeI3,4.89011421345473
3-Py_PhA_CdCl3,4.8911083316059
DiMA_MA_MgI3,4.89153762363702
HY_TroP_ZnCl3,4.89217263068068
TetraMA_i-BuA_TiCl3,4.89252672640042
FM_MA_ZnCl3,4.89315580411578
Cs_DiMA_CrCl3,4.89383897339253
EA_TetraMA_ZnBr3,4.89399211388625
TetraMA_DiMA_ZnBr3,4.89428119223481
HA_TiZ_BeBr3,4.89438712197941
EA_TriMA_ZnBr3,4.89464607507991
IM_MA_BaI3,4.89537039276925
HA_Az_VCl3,4.89573098182693
EA_i-PA_ZnBr3,4.89609132862388
Py_TiZ_BeCl3,4.89649797571783
FA_GUA_CrCl3,4.89755055378658
TriMA_i-PA_ZnBr3,4.89818198073036
NH4_i-BuA_CrCl3,4.89879851130885
EA_NH4_VCl3,4.89884712664572
i-PA_TiZ_BeBr3,4.89888087109091
FM_PhA_GeCl3,4.90103356256623
FM_FA_ZnCl3,4.90110677912462
TetraMA_TiZ_BaBr3,4.90219807200705
GUA_AA_CaI3,4.90293664880746
FA_Py_SrI3,4.90306659628591
DiEA_TetraMA_MgI3,4.90312651053944
FA_AA_CaI3,4.90313097926263
TetraMA_TiZ_BeBr3,4.90422324526838
i-BuA_Py_BeI3,4.90431569845653
HY_AA_VCl3,4.90563873275971
HA_Cs_VCl3,4.90614847508281
GUA_AA_VCl3,4.90625787219514
FA_NH4_SrI3,4.90629960880327
EA_MA_MgI3,4.90765465365783
i-PA_DiMA_ZnBr3,4.90791439226502
NH4_HY_VCl3,4.90796717757199
3-Py_Py_GeCl3,4.90799256379411
DiEA_Az_CdCl3,4.90821931320971
i-BuA_TiZ_SrI3,4.90942655244087
HY_Py_MgBr3,4.90989553693512
MA_TiZ_CaI3,4.90997213870835
GUA_TiZ_GeCl3,4.91021993158937
GUA_i-BuA_MnCl3,4.91080299958799
GUA_i-BuA_CrCl3,4.91197892674697
HY_Py_CaI3,4.91203709645774
HA_HY_ZnBr3,4.91206025304009
TetraMA_TiZ_GeCl3,4.91245197823642
HA_Py_CaI3,4.91249778743228
DiEA_EA_MgI3,4.91264361703419
PhA_GUA_BeI3,4.91283389996234
3-Py_PhA_CaBr3,4.91342311571796
TetraMA_NH4_CdCl3,4.91366793528232
DiMA_TiZ_BeI3,4.91464406110684
EA_TiZ_BeI3,4.91464406110684
i-BuA_Az_SnCl3,4.91532985664572
i-BuA_MA_ZnBr3,4.91598764643748
DiEA_MA_SnCl3,4.91652997528443
DiEA_FA_ZnCl3,4.9170222166577
FA_Cs_VCl3,4.91706608665406
HA_IM_VCl3,4.9170743069105
3-Py_i-BuA_ZnBr3,4.91761893308969
AA_Py_SrI3,4.9178370406778
i-BuA_Py_SrI3,4.91792784439281
AA_Py_MgBr3,4.91860728371313
TriMA_TetraMA_GaCl3,4.91861346832944
3-Py_IM_BaBr3,4.91874298591856
FM_DiEA_SrI3,4.91980621911035
HA_TroP_GeCl3,4.91986271221119
Cs_DiMA_TiCl3,4.92005028198141
3-Py_i-BuA_VCl3,4.92079459701473
EA_HA_CrCl3,4.92143812224956
PhA_DiMA_ZnCl3,4.92162859549859
TriMA_Cs_CdCl3,4.92174729452821
DiMA_Py_BaI3,4.92200262635796
TetraMA_Py_BeI3,4.92258347760126
i-BuA_TiZ_BeBr3,4.92404936151154
TroP_i-BuA_CdCl3,4.92407077072691
DiEA_Cs_MnCl3,4.92414203647717
HA_NH4_VCl3,4.92501645256924
IM_TiZ_CaCl3,4.92552391941756
TetraMA_i-PA_GaCl3,4.92564224749504
HY_TroP_CaCl3,4.92607619022326
GUA_AA_CrCl3,4.92646214175327
DiMA_TiZ_SrI3,4.9270701622902
EA_TiZ_SrI3,4.9270701622902
Cs_HY_MnCl3,4.92715646572402
FA_AA_CrCl3,4.92721434241307
DiEA_Cs_CrCl3,4.927601952075
TetraMA_i-BuA_MnCl3,4.92774491568474
TriMA_i-BuA_InCl3,4.92873056039261
i-BuA_Py_BeBr3,4.92924770401342
3-Py_DiEA_VCl3,4.92952338115096
GUA_Py_BaBr3,4.93007419083812
FM_NH4_CdCl3,4.93059088694295
Cs_NH4_VCl3,4.93082623886437
FM_AA_BaCl3,4.93209709870397
EA_Py_BaI3,4.93224754427258
FM_AA_CdCl3,4.93240708958454
3-Py_TriMA_MgI3,4.93306752060594
GUA_Py_SrI3,4.93342554884151
DiMA_Az_CdCl3,4.9338322958446
EA_Az_CdCl3,4.9338322958446
3-Py_TiZ_CaCl3,4.93457751893816
DiEA_i-BuA_CdCl3,4.93512962108308
FM_GUA_BeI3,4.93518566198933
DiEA_PhA_BaI3,4.93540028816613
DiEA_PhA_CdCl3,4.93711663338587
FA_TroP_ZnCl3,4.93738365650099
i-BuA_Az_GaCl3,4.93752343579489
FA_TiZ_GeCl3,4.93777796635152
FA_MA_VCl3,4.93952015445187
3-Py_i-PA_MgI3,4.93998744219761
TetraMA_IM_BaI3,4.94002518226658
PhA_GUA_BaI3,4.94012578894836
FM_Py_ZnCl3,4.94052629182263
3-Py_FA_BeBr3,4.94057171782256
GUA_MA_VCl3,4.94081758159356
PhA_i-BuA_BaI3,4.94082504205797
AA_Az_BaI3,4.94101030537239
DiEA_DiMA_MgI3,4.94214760549132
Cs_NH4_CrCl3,4.9439974038068
EA_Py_BeI3,4.94434379970155
i-PA_i-BuA_InCl3,4.94465006635112
i-BuA_Az_ZnBr3,4.94471598375211
PhA_Az_GeCl3,4.94471926773409
3-Py_NH4_BaBr3,4.94554026186195
3-Py_DiEA_MgI3,4.94566756794589
FA_PhA_BeI3,4.94623105161043
DiEA_MA_MgI3,4.94643099500802
DiEA_GUA_ZnBr3,4.94821014448434
3-Py_i-BuA_CrCl3,4.94833303188305
FM_i-BuA_CaI3,4.9491503145353
DiEA_EA_ZnBr3,4.94938484324981
HA_AA_VCl3,4.94953569054448
TetraMA_HY_MgI3,4.95031009567083
Cs_NH4_MnCl3,4.95132686828525
HA_HY_VCl3,4.95133688192136
HA_TetraMA_CdCl3,4.95151851713334
3-Py_GUA_MgBr3,4.95289373212215
Cs_i-PA_CdCl3,4.95296550473319
PhA_AA_BaCl3,4.95384038861585
PhA_GUA_BeBr3,4.95386535336514
TriMA_GUA_MgI3,4.95387515399107
DiEA_TiZ_BeI3,4.95441568531026
FA_TriMA_MgI3,4.95460505517447
FA_TiZ_BaCl3,4.95473479301185
3-Py_DiEA_CrCl3,4.95485745874182
3-Py_Py_ZnCl3,4.95527805308993
DiEA_i-BuA_PbCl3,4.95587075787708
FA_i-PA_MgI3,4.95605030871844
NH4_DiMA_GaCl3,4.95662316839241
HA_DiMA_VCl3,4.95682812723486
FM_DiEA_CaI3,4.95734947111801
HY_TiZ_SrBr3,4.95759501371252
3-Py_i-BuA_MgI3,4.95834017052281
EA_HY_VCl3,4.9590536222326
FA_TetraMA_MgI3,4.95965811032905
TetraMA_TroP_SrCl3,4.96033653873016
NH4_PhA_ZnCl3,4.96046059400246
DiMA_GUA_MgI3,4.96047488375117
NH4_i-BuA_GaCl3,4.96125277524052
i-BuA_Py_CaBr3,4.96178017618463
FA_PhA_CdCl3,4.96358589888447
3-Py_FA_ZnCl3,4.96398651240587
i-BuA_TiZ_BaI3,4.96400035572988
DiEA_DiMA_ZnBr3,4.96404061166158
NH4_Py_GeCl3,4.96500164732507
HY_Py_BeI3,4.96535053616784
DiEA_TetraMA_GaCl3,4.96637348775843
DiEA_Py_ZnCl3,4.96658741491769
DiMA_AA_MgI3,4.96671092581432
EA_AA_MgI3,4.96671092581432
PhA_GUA_BaBr3,4.9675779470501
GUA_i-BuA_MgI3,4.96838290186947
IM_Az_BeI3,4.9686444270826
DiEA_Py_BeI3,4.968861410329
TriMA_IM_BaI3,4.96949623504583
HA_NH4_ZnBr3,4.96953998532396
PhA_i-BuA_ZnCl3,4.96966491070347
IM_Py_MgCl3,4.96991283477137
AA_TiZ_CaBr3,4.97017572797682
DiMA_Py_BeI3,4.97019487379194
TetraMA_i-BuA_SnCl3,4.9702662204645
HA_TroP_ZnCl3,4.97126773028112
TriMA_Cs_VCl3,4.97144728080831
EA_TriMA_GaCl3,4.97196543585857
EA_TroP_MgCl3,4.97242105781542
DiMA_TroP_MgCl3,4.97256895940285
Az_TiZ_BeBr3,4.97277844970308
FM_Cs_CrCl3,4.97368539254307
TetraMA_Az_CdCl3,4.97374284686879
FA_Py_BeI3,4.97509399889828
HA_Py_MgBr3,4.97524546870356
FM_TriMA_ZnCl3,4.97553001957827
i-PA_IM_BaI3,4.97569790595506
GUA_TiZ_CaBr3,4.9762016505192
FM_DiMA_BeI3,4.97688461759927
DiEA_PhA_ZnCl3,4.97703935917667
i-BuA_TiZ_BaBr3,4.97773355138174
DiEA_MA_ZnBr3,4.9777388266333
3-Py_Az_CdCl3,4.97799904672157
TriMA_MA_GaCl3,4.9784814873213
AA_Py_BeBr3,4.97898000084711
TetraMA_NH4_GaCl3,4.98175564813039
FM_EA_BeI3,4.98227016995416
NH4_Py_ZnCl3,4.98253854908026
HA_Cs_CrCl3,4.98277029031558
FA_i-BuA_ZnBr3,4.98363877423019
i-PA_GUA_MgI3,4.98396586574324
EA_TetraMA_GaCl3,4.98522325688718
IM_Py_BeCl3,4.98544366451031
i-BuA_Py_ZnCl3,4.98634094258263
FM_GUA_ZnCl3,4.9867702137388
NH4_TiZ_BaBr3,4.98714044171456
DiMA_Py_MgBr3,4.98728507326354
MA_TiZ_MgBr3,4.98796527432699
GUA_TroP_CdCl3,4.98895147209444
DiEA_TriMA_InCl3,4.98911961802612
Cs_Py_SrCl3,4.98927967876333
MA_TiZ_BeI3,4.98953703731319
HA_TiZ_VCl3,4.99047738600727
DiEA_i-PA_InCl3,4.99056487157009
PhA_GUA_CaBr3,4.99114540780612
FM_i-PA_ZnCl3,4.99117710626845
Cs_IM_BaBr3,4.99139604149076
DiEA_HA_ZnBr3,4.99235128384649
DiMA_Py_GeCl3,4.99348631026139
EA_Py_GeCl3,4.99348631026139
NH4_PhA_SrBr3,4.9936985668256
FA_IM_GeCl3,4.99456279904404
3-Py_AA_BaBr3,4.99498223568885
DiEA_Py_CaCl3,4.99521426096369
NH4_HY_CrCl3,4.99619067057608
i-BuA_TiZ_CdCl3,4.9963492216852
EA_GUA_MgI3,4.99744046184272
3-Py_Cs_BaI3,4.99747324517007
3-Py_TiZ_ZnCl3,4.99787844884655
Cs_PhA_BaCl3,4.99814226979802
HY_Py_BaBr3,4.9981619911245
IM_AA_BaBr3,4.99866312772448
HA_PhA_BaBr3,4.99867381694739
FA_PhA_GeCl3,4.99868657158155
DiMA_TiZ_BeBr3,4.99888427985636
EA_TiZ_BeBr3,4.99888427985636
DiEA_NH4_MgI3,5.00029899257436
NH4_PhA_BeBr3,5.00056546514936
Cs_GUA_MgI3,5.00112654958732
TetraMA_HY_GaCl3,5.00141393093779
EA_TetraMA_MgI3,5.00150594095057
EA_Py_MgBr3,5.00258872548263
DiEA_MA_CdCl3,5.00289031500501
DiEA_FA_MgI3,5.00304781111944
DiEA_i-BuA_GaCl3,5.00320188825102
IM_TiZ_BeCl3,5.0038889524659
IM_Py_ZnCl3,5.00416048311116
DiEA_Az_ZnBr3,5.00553086565998
HA_MA_VCl3,5.00609828208672
TetraMA_NH4_MgI3,5.00707302589672
DiEA_GUA_ZnCl3,5.00717165955751
FA_Py_BaBr3,5.00813013160202
3-Py_IM_BaCl3,5.00820345869219
Az_TiZ_BeI3,5.00883630507162
EA_IM_BeI3,5.00906076259341
DiMA_IM_BeI3,5.00920866418085
TroP_AA_CdCl3,5.00982473963415
FM_MA_BeI3,5.01013155429982
TetraMA_i-PA_CdCl3,5.01031980768796
Cs_i-BuA_MnCl3,5.01064640657173
HY_MA_VCl3,5.01066461417987
3-Py_AA_SrBr3,5.01091966215551
FM_IM_CdCl3,5.01095225283189
GUA_Py_BeI3,5.01163748486883
FM_TriMA_BaI3,5.01191526478682
3-Py_FM_CdCl3,5.01274748248042
DiEA_TiZ_SrI3,5.01330168164872
3-Py_AA_MgBr3,5.01386832659445
Cs_MA_TiCl3,5.01412680589784
TetraMA_TiZ_SrI3,5.01471747090219
FM_GUA_CdCl3,5.01471978428273
DiMA_i-BuA_GaCl3,5.01485303747334
EA_i-BuA_GaCl3,5.01485303747334
3-Py_TetraMA_MgI3,5.01542748647604
3-Py_EA_BaBr3,5.01601727400785
TetraMA_Py_BaI3,5.01605445852667
3-Py_IM_ZnCl3,5.01725534115975
3-Py_DiMA_BaBr3,5.01740417168249
FM_IM_SrCl3,5.0177041536413
DiEA_HY_ZnBr3,5.01802235809332
TriMA_DiMA_GaCl3,5.01878187685527
NH4_PhA_BaBr3,5.01903937520251
Py_MA_CdCl3,5.01919234905294
EA_IM_BaBr3,5.01969690423442
FM_Py_SrCl3,5.01970001804508
FA_NH4_GeCl3,5.02006824523383
3-Py_TriMA_MgBr3,5.02059221787559
TriMA_PhA_MgBr3,5.02066791719465
TetraMA_Py_SrI3,5.02321876285413
TetraMA_DiMA_GaCl3,5.02327200021245
i-PA_DiMA_GaCl3,5.02362078268799
TetraMA_PhA_BeI3,5.02456907895084
HY_TroP_GeCl3,5.02479547824737
FA_Py_SrBr3,5.02492413124273
3-Py_FA_CaBr3,5.02504795363766
FM_NH4_GeCl3,5.02579953345056
AA_Py_GeCl3,5.02626122453309
TetraMA_MA_GaCl3,5.02664089548717
GUA_Az_CaI3,5.0273055949585
HY_GUA_VCl3,5.02735300750502
DiEA_i-BuA_CaI3,5.02816499335867
i-BuA_MA_CdCl3,5.0291287866443
TriMA_TetraMA_CdCl3,5.02933324539528
GUA_IM_GeCl3,5.02938527828997
FA_Cs_MgI3,5.03034782934166
IM_MA_MgBr3,5.03096175594121
FA_TroP_CdCl3,5.03131847888111
EA_Cs_CrCl3,5.03171947815724
FA_IM_CaBr3,5.03172463481985
IM_Az_SrBr3,5.03183383508911
FM_GUA_GeCl3,5.03186059740579
TetraMA_HY_CdCl3,5.03247342371528
IM_AA_BeI3,5.03321357430994
DiEA_GUA_MgI3,5.03364775129132
TetraMA_TiZ_ZnCl3,5.03380583178714
TriMA_Py_MgBr3,5.03412949914515
PhA_AA_CdCl3,5.03416544415418
FM_MA_BaBr3,5.03451341230788
i-PA_TiZ_SrBr3,5.03498143769945
DiMA_Az_MgI3,5.03500907122128
EA_Az_MgI3,5.03500907122128
DiEA_AA_ZnCl3,5.03513237938686
DiEA_DiMA_CdCl3,5.03554773995132
Az_TiZ_BaCl3,5.0358666852924
FA_GUA_VCl3,5.03679392513109
HA_HY_GeCl3,5.03697915239041
EA_DiMA_GaCl3,5.03705862262415
FM_TiZ_BeCl3,5.03756747568703
Az_TiZ_GeCl3,5.03788218680612
FM_i-PA_BaI3,5.03790775636301
TetraMA_PhA_MgBr3,5.03819216117597
EA_TiZ_GeCl3,5.03829871958801
HY_MA_GeCl3,5.0386839254483
HA_Py_BeI3,5.03887077893081
FA_Py_GeCl3,5.03935780658104
HY_IM_MgBr3,5.04019185915308
MA_TiZ_BaBr3,5.04064377957731
HA_MA_GeCl3,5.04115902254974
FM_HA_BaI3,5.04121369672695
DiEA_TiZ_BaI3,5.04128907291728
i-PA_i-BuA_TiCl3,5.04135140551892
Az_Py_CdCl3,5.04135441301125
TriMA_TiZ_SrBr3,5.04140019441485
FM_Py_BaCl3,5.04161030244118
HY_PhA_MgBr3,5.04170912394665
NH4_IM_GeCl3,5.04222291936066
HY_Py_SrBr3,5.04247776754463
TriMA_MA_MgI3,5.04470696187597
TroP_MA_SrCl3,5.04483305046527
GUA_Py_BeBr3,5.04584059057926
Cs_IM_SrI3,5.04629274407442
Py_MA_ZnCl3,5.04637069760675
i-PA_IM_BeI3,5.04839095936
i-BuA_MA_MgI3,5.04848856387879
IM_TiZ_ZnCl3,5.04854188730998
i-PA_MA_GaCl3,5.04892213034152
MA_TiZ_CdCl3,5.04905248470703
DiEA_Py_CaBr3,5.04945960987256
TetraMA_MA_MnCl3,5.04988914552887
Py_TiZ_CdCl3,5.05005359770645
HY_Py_CdCl3,5.05127323723308
FM_TetraMA_ZnCl3,5.05147592561689
DiEA_TiZ_BeBr3,5.05160602326914
MA_TiZ_BeBr3,5.0516156103111
HA_TiZ_BaBr3,5.05170937557649
DiEA_TetraMA_ZnBr3,5.05246098208236
NH4_TiZ_GeCl3,5.05267415180012
3-Py_i-BuA_BeI3,5.05275785196843
TetraMA_MA_MgI3,5.05296760977801
TriMA_IM_BeI3,5.05335174362797
HA_Py_CdCl3,5.05339018412926
GUA_Az_SrI3,5.05352368860612
DiMA_Py_BaBr3,5.05352893426081
EA_Py_BaBr3,5.05352893426081
DiMA_i-BuA_SnCl3,5.05409418265382
DiEA_EA_CdCl3,5.05411309024422
FM_TetraMA_CaBr3,5.05458614343722
EA_i-BuA_SnCl3,5.05475734141007
TriMA_AA_MgI3,5.05485165139895
i-BuA_Az_MgI3,5.0551210998583
EA_PhA_ZnCl3,5.05539058925899
i-PA_Py_ZnCl3,5.0562010169292
i-BuA_Py_BaI3,5.05628756966214
PhA_GUA_GeCl3,5.05660145824401
DiEA_Py_BeBr3,5.05680436577101
IM_AA_BeBr3,5.05908080505312
Az_TiZ_SrBr3,5.05914148894821
i-PA_PhA_MgBr3,5.05924324556142
DiMA_TiZ_GeCl3,5.05978797827971
3-Py_i-PA_MgBr3,5.05995966277335
GUA_AA_BaI3,5.06037400081501
HY_i-BuA_CrCl3,5.06047776101544
PhA_DiMA_BaCl3,5.06066041043848
DiEA_HA_MgI3,5.06208204376174
3-Py_AA_BaCl3,5.06210366812228
i-PA_Py_MgBr3,5.0625013295526
HA_TetraMA_MgI3,5.06261755931292
HA_IM_BeI3,5.06309288656349
i-BuA_Py_BaBr3,5.06481712463262
DiEA_Py_SrI3,5.06570926878984
Cs_IM_ZnCl3,5.06580946493566
FM_MA_GeCl3,5.06629152996054
TetraMA_i-PA_SnCl3,5.06735904727437
TetraMA_DiMA_MgI3,5.06748950807646
DiEA_Az_GaCl3,5.06772010265457
EA_NH4_GeCl3,5.0686391091227
PhA_i-BuA_CaBr3,5.06909331648658
TriMA_TetraMA_MnCl3,5.06932411059026
NH4_Py_SrBr3,5.06983926452682
i-PA_TiZ_CaBr3,5.07011525777132
FA_TiZ_MgCl3,5.07041426066922
EA_TriMA_MgI3,5.07051942296236
3-Py_HA_BaCl3,5.07062557186066
DiEA_Az_ZnCl3,5.07075518824877
TetraMA_i-PA_MnCl3,5.07077361591938
GUA_IM_SrBr3,5.07105554679368
3-Py_AA_ZnCl3,5.07131066422182
EA_i-PA_MgI3,5.07196467650633
DiEA_AA_MgI3,5.0725580622415
DiMA_Py_SrI3,5.07331191879773
EA_Py_SrI3,5.07331191879773
i-PA_PhA_ZnCl3,5.0735592287365
Az_Py_ZnCl3,5.07362894865419
AA_Py_SrBr3,5.0743758904422
HA_Az_CdCl3,5.07464743209492
NH4_Py_BaCl3,5.07475623369219
TetraMA_Az_MnCl3,5.0753602081352
HA_IM_GeCl3,5.0754427594413
TetraMA_Py_BeBr3,5.07549214381651
TriMA_TiZ_CaBr3,5.07587085573046
FM_HY_SrBr3,5.07652569708535
DiMA_IM_BaBr3,5.07733591692809
TetraMA_GUA_MgI3,5.07834881544899
i-PA_MA_MgI3,5.07853699953853
3-Py_HY_BaCl3,5.07856032792831
DiEA_TiZ_BaBr3,5.07865317345178
HA_i-BuA_ZnBr3,5.07930047758897
FA_Az_BaI3,5.0799188483796
3-Py_HY_SrBr3,5.0808509980315
TriMA_i-PA_MgI3,5.08117842765542
FA_HA_BaI3,5.08185867944406
TriMA_IM_BeBr3,5.08308093615096
HA_TroP_CaCl3,5.083233323179
NH4_TiZ_CdCl3,5.08389646128619
FM_Cs_ZnCl3,5.08454704292909
TetraMA_DiMA_MnCl3,5.08483013587892
HY_TiZ_GeCl3,5.08485628420249
TetraMA_PhA_CdCl3,5.08520522870044
PhA_MA_SrCl3,5.08520775998656
GUA_AA_MgBr3,5.0858687290426
HY_TroP_BeCl3,5.08617550341221
TriMA_TiZ_CdCl3,5.08691623072807
i-PA_AA_MgI3,5.08696706879321
DiEA_FA_CdCl3,5.08797080816739
HA_GUA_BaI3,5.08819927368795
3-Py_HA_CdCl3,5.08844892200391
DiEA_Az_MgI3,5.08868623295813
IM_TiZ_CdCl3,5.08978434052443
EA_HA_VCl3,5.0897877389256
HY_i-BuA_VCl3,5.08987640172364
HA_AA_CdCl3,5.09077454255785
HA_DiMA_CdCl3,5.09100323816681
EA_PhA_CaCl3,5.09182356938524
EA_DiMA_MgI3,5.09317621243822
TetraMA_MA_CdCl3,5.09326249619995
GUA_AA_SrI3,5.09458751986319
HA_i-BuA_CrCl3,5.09509279750034
FA_AA_MgBr3,5.0952623875209
3-Py_HY_CdCl3,5.09579708308818
HY_Az_CdCl3,5.09588878829752
i-PA_IM_BeBr3,5.09595915542276
TriMA_i-BuA_TiCl3,5.09608697407427
FM_NH4_SrBr3,5.09624179294169
DiEA_TiZ_CdCl3,5.0967064363277
EA_TetraMA_MnCl3,5.09712411350395
FA_MA_CdCl3,5.09795100793322
3-Py_DiMA_BaCl3,5.09837471778285
DiEA_NH4_CdCl3,5.09858353430974
i-BuA_Az_ZnCl3,5.0987138828414
TriMA_i-PA_MnCl3,5.09878502803567
HA_TiZ_CaBr3,5.09936713526454
DiEA_TetraMA_MgBr3,5.10002028607577
TriMA_i-BuA_CdCl3,5.10049863227938
DiEA_Py_MgBr3,5.10110362525316
IM_AA_MgBr3,5.1014817793236
3-Py_HA_SrBr3,5.10150906830124
i-BuA_AA_MgI3,5.10151987444907
3-Py_GUA_GeCl3,5.10156809269678
FM_Az_GeCl3,5.10209459796666
i-BuA_MA_GaCl3,5.10221909147453
GUA_Py_MgBr3,5.10224013957216
3-Py_EA_BaCl3,5.1023749915593
i-PA_TiZ_CdCl3,5.10251114745504
Cs_MA_VCl3,5.10261774456767
FA_HY_VCl3,5.10325481526985
DiEA_HA_CdCl3,5.10406751556469
DiEA_HY_CdCl3,5.10406751556469
DiEA_MA_GaCl3,5.10435880160838
FA_DiMA_CdCl3,5.10558602880448
FA_TroP_BeCl3,5.107144890473
Py_MA_BeI3,5.10749079579691
3-Py_i-BuA_CaI3,5.10784840497751
3-Py_NH4_ZnCl3,5.10811198222081
FA_Az_CdCl3,5.10874577587746
Cs_AA_ZnCl3,5.10888400546726
AA_MA_CdCl3,5.10925134977711
Cs_DiMA_VCl3,5.10930594406813
TriMA_IM_GeCl3,5.11072524038942
TetraMA_Py_ZnCl3,5.11081767559993
IM_MA_CdCl3,5.11221324843765
DiEA_Az_SnCl3,5.1129027497527
3-Py_Az_SrBr3,5.11290925444254
TriMA_PhA_ZnCl3,5.11304323890408
3-Py_GUA_CaBr3,5.11316352379865
DiEA_AA_GaCl3,5.1133955968299
IM_Py_CdCl3,5.11389539980751
DiMA_IM_BeBr3,5.11425715922336
HA_i-PA_MgI3,5.11455612145225
i-PA_i-BuA_CdCl3,5.11456186768918
FA_PhA_BaBr3,5.11495690181806
Cs_Az_ZnCl3,5.11496450225383
FA_Py_ZnCl3,5.11568018980788
EA_PhA_BaCl3,5.1167320419013
HA_i-BuA_VCl3,5.11747515153849
EA_Cs_MnCl3,5.11753805232722
3-Py_NH4_MgBr3,5.11866225604305
GUA_AA_BeBr3,5.1193092075347
3-Py_FA_CdCl3,5.11948767016274
Py_MA_SrBr3,5.11986673323268
MA_TiZ_GeCl3,5.11987333532124
TetraMA_Az_MgI3,5.12121831327786
DiMA_TiZ_SrBr3,5.12127113262798
EA_TiZ_SrBr3,5.12127113262798
NH4_IM_CdCl3,5.12127386547412
3-Py_HY_GeCl3,5.12131323518217
DiEA_NH4_SnCl3,5.12198797122862
FM_TriMA_CdCl3,5.12201116440893
EA_Cs_TiCl3,5.12233013081539
HA_PhA_ZnCl3,5.12326859435449
TetraMA_AA_CdCl3,5.12327802828983
HA_PhA_MgBr3,5.12331299581778
IM_Az_GeCl3,5.12373774746933
HY_i-BuA_ZnBr3,5.12415142798095
PhA_MA_GeCl3,5.1244401872301
DiEA_TriMA_MgI3,5.12504141972253
i-BuA_Py_CdCl3,5.12536232495093
DiMA_Py_BeBr3,5.12571870550024
EA_Py_BeBr3,5.12571870550024
TriMA_Az_CdCl3,5.12619628880248
TetraMA_i-BuA_MgI3,5.1265382238686
Cs_IM_BaI3,5.12684401413959
3-Py_IM_CdCl3,5.12685212868345
FM_NH4_BaI3,5.12702230915068
EA_IM_BeBr3,5.12742475886868
TriMA_DiMA_MgI3,5.12762027546882
FA_PhA_CaBr3,5.12771084458804
TetraMA_AA_MgI3,5.13058244743428
FM_HY_GeCl3,5.13064897991334
HA_HY_CrCl3,5.13163093366889
i-PA_DiMA_MnCl3,5.13189916766406
HA_PhA_GeCl3,5.13225741697157
FM_AA_GeCl3,5.13243923639274
i-PA_Az_CdCl3,5.13331843256531
FA_TroP_MgCl3,5.13334384153992
DiEA_Py_BaI3,5.13357628684953
HY_MA_CdCl3,5.13492966178663
DiEA_i-PA_MgI3,5.13509031175702
HA_TiZ_BaCl3,5.13548819716665
DiMA_IM_SrBr3,5.13557834939914
HA_TiZ_CdCl3,5.13620828206649
DiMA_Py_CaBr3,5.13652532634719
EA_Py_CaBr3,5.13652532634719
DiEA_HY_GaCl3,5.13655218597616
Cs_NH4_MgI3,5.13686691839571
TriMA_i-BuA_GaCl3,5.13699877458122
FM_FA_SrBr3,5.13730839596239
FM_i-PA_CdCl3,5.13765825109911
TriMA_Az_MgI3,5.1376632496248
i-PA_IM_GeCl3,5.1380133802841
HY_TiZ_CdCl3,5.13856097380635
3-Py_MA_BaI3,5.13878641386928
HA_TiZ_SrBr3,5.13908135345808
GUA_i-BuA_ZnBr3,5.13913935541589
NH4_AA_CdCl3,5.1393042109569
GUA_MA_CdCl3,5.1393515152896
TriMA_HY_MgI3,5.14046635814311
3-Py_AA_GeCl3,5.14104047813104
DiEA_HY_SnCl3,5.14109592202598
DiMA_IM_ZnCl3,5.14141463251774
FM_IM_BeCl3,5.14174723898069
TriMA_DiMA_MnCl3,5.14267407751917
HY_PhA_BeBr3,5.14312497053549
FM_Cs_BaI3,5.14332349124548
EA_i-PA_MnCl3,5.14466566636672
TetraMA_DiMA_CdCl3,5.14479495875517
FM_Cs_BeI3,5.14551425486384
TriMA_i-PA_CdCl3,5.14612819895159
3-Py_HY_MgBr3,5.14635216183157
NH4_TiZ_ZnCl3,5.14669038781351
TriMA_TetraMA_SnCl3,5.1471917472849
EA_TriMA_MnCl3,5.14798165927917
FA_HA_VCl3,5.14888367531284
TriMA_i-BuA_MgI3,5.1489723659198
Cs_i-BuA_MgI3,5.14909044028357
i-PA_DiMA_MgI3,5.14937893244791
3-Py_TetraMA_MgBr3,5.14942977850984
EA_FA_CdCl3,5.15038790084032
i-PA_TiZ_BaCl3,5.15102244533236
FM_HA_GeCl3,5.15107120773328
NH4_GUA_MgBr3,5.15177441397279
TetraMA_GUA_CdCl3,5.15194663380803
HY_IM_CdCl3,5.15265038228239
FM_FA_GeCl3,5.15330393751548
FM_i-BuA_BeI3,5.15332137418799
FA_Py_CaBr3,5.15343302227531
TetraMA_IM_GeCl3,5.15348401566071
IM_AA_GeCl3,5.15351091636113
FA_TetraMA_CdCl3,5.15368493456842
IM_MA_BeI3,5.15421595943434
EA_TetraMA_CdCl3,5.15423800627886
NH4_PhA_CaBr3,5.15452535373218
3-Py_TetraMA_BaI3,5.15454716928175
NH4_PhA_CdCl3,5.1551249782023
3-Py_GUA_ZnCl3,5.15609413886106
GUA_Az_BaI3,5.15615463920477
Cs_MA_MnCl3,5.15623958045502
i-PA_Az_MgI3,5.15770302525918
NH4_Py_BeBr3,5.15778541223184
TriMA_TiZ_BaCl3,5.15841600431354
TriMA_Py_GeCl3,5.1585758706188
TetraMA_Py_GeCl3,5.15870210633428
HY_AA_CdCl3,5.15933740568154
HA_Cs_TiCl3,5.15995104378052
TriMA_TiZ_ZnCl3,5.16035026945591
FM_HA_BaBr3,5.16065223993529
FM_NH4_ZnCl3,5.16072748603088
HY_TroP_SrCl3,5.16131705098703
PhA_GUA_SrBr3,5.16176754825012
DiMA_i-BuA_ZnBr3,5.16183081724205
EA_i-BuA_ZnBr3,5.16183081724205
DiEA_IM_ZnCl3,5.16187463138449
NH4_i-BuA_CdCl3,5.16276932664083
MA_TiZ_SrBr3,5.16355557469415
AA_Py_CaBr3,5.16391555948148
3-Py_MA_SrI3,5.16422817732618
DiEA_Py_CdCl3,5.16435878677411
i-PA_i-BuA_MgI3,5.164835814129
DiEA_Py_BaBr3,5.16573674670267
FA_AA_CdCl3,5.16585307306465
Cs_TiZ_CaCl3,5.16732357683786
PhA_Az_CdCl3,5.16752039288887
GUA_AA_BeI3,5.1687050359301
3-Py_Az_ZnCl3,5.1697837620887
IM_Az_ZnCl3,5.170122284055
Cs_IM_BeBr3,5.17026890593482
DiEA_PhA_MgBr3,5.17045340235847
FA_PhA_BeBr3,5.17065704009167
FM_DiEA_BaBr3,5.17126208663045
TetraMA_Py_MgBr3,5.17192300637385
3-Py_MA_ZnCl3,5.17206769168365
i-PA_HY_MgI3,5.17227169016358
Az_TiZ_CaBr3,5.17236823212233
FA_AA_BaI3,5.1725521411467
FM_i-BuA_BaCl3,5.17322683624843
i-PA_TiZ_ZnCl3,5.17326893567315
TetraMA_Cs_CdCl3,5.17363165905542
3-Py_TiZ_CdCl3,5.17379309764374
IM_AA_SrBr3,5.17528977129515
HA_GUA_VCl3,5.17551588561774
HY_Py_BeBr3,5.17557181555047
HY_IM_BeI3,5.1758430958884
i-PA_i-BuA_MnCl3,5.17598144178716
NH4_IM_ZnCl3,5.17627230982437
FM_HA_ZnCl3,5.17661244347474
Cs_i-BuA_VCl3,5.17719305525169
i-BuA_TiZ_GeCl3,5.17744926599795
DiMA_IM_GeCl3,5.17763206889508
EA_IM_GeCl3,5.17763206889508
TriMA_NH4_GeCl3,5.17821268841192
FA_NH4_CdCl3,5.17951749136103
FM_TriMA_BaBr3,5.18031891216772
i-PA_i-BuA_GaCl3,5.18056270835457
3-Py_TetraMA_CaI3,5.18160227990145
Cs_i-PA_ZnCl3,5.18218585423621
TriMA_Py_ZnCl3,5.18331607497017
3-Py_MA_CdCl3,5.18378349179712
NH4_GUA_GeCl3,5.18394114685295
i-PA_PhA_BaBr3,5.18433770499376
FA_IM_BaBr3,5.18507620456604
TriMA_IM_BaBr3,5.1858677875258
TetraMA_i-PA_CrCl3,5.18602498390631
3-Py_AA_CdCl3,5.18652502540693
Cs_MA_CrCl3,5.18654475152299
3-Py_DiMA_MgBr3,5.1872426325171
3-Py_EA_MgBr3,5.1872426325171
DiEA_TiZ_GeCl3,5.18824494447705
TetraMA_PhA_ZnCl3,5.18833636179135
HA_Py_GeCl3,5.18857446741564
TriMA_i-BuA_MnCl3,5.18864984715024
HA_TiZ_GeCl3,5.18872486116401
Cs_Py_BeCl3,5.18903794160911
IM_TiZ_MgCl3,5.18915970101286
3-Py_EA_BeBr3,5.18926369696414
3-Py_DiMA_BeBr3,5.18927568241677
NH4_AA_ZnCl3,5.19021946020508
3-Py_MA_GeCl3,5.19023966214868
Py_MA_BeBr3,5.19055208715167
i-PA_IM_BaBr3,5.19129036601187
PhA_i-BuA_CaCl3,5.1916522546367
GUA_Py_SrBr3,5.19286520513725
TetraMA_PhA_BaBr3,5.19399287967275
TriMA_PhA_BaBr3,5.19417999925691
Cs_PhA_BeBr3,5.19422827422149
3-Py_TiZ_MgCl3,5.19546238507158
TriMA_i-BuA_ZnBr3,5.19599067731742
DiEA_NH4_ZnCl3,5.19603531037634
Py_MA_GeCl3,5.19655218225977
TriMA_DiMA_CdCl3,5.19684824681314
AA_Py_CdCl3,5.19685236694142
FA_GUA_CdCl3,5.19757799696218
TetraMA_i-BuA_ZnBr3,5.19766976641383
DiMA_TiZ_CaBr3,5.19866722753512
EA_TiZ_CaBr3,5.19872295192901
3-Py_TetraMA_BeI3,5.1989436933088
TetraMA_MA_VCl3,5.19918527430056
NH4_Az_ZnCl3,5.19956830779815
3-Py_FA_GeCl3,5.20096476026046
EA_TiZ_ZnCl3,5.20124772067553
3-Py_GUA_CdCl3,5.20238090721961
FM_TiZ_MgCl3,5.20257557684673
DiEA_NH4_GaCl3,5.20270351874826
FM_HY_BaCl3,5.20290169940722
FM_FA_BaBr3,5.20432200476246
NH4_DiMA_GeCl3,5.20498912547053
PhA_i-BuA_MgBr3,5.20590867663285
i-BuA_TiZ_SrBr3,5.20598125402552
TetraMA_i-PA_VCl3,5.20608873472123
HA_i-BuA_CdCl3,5.20616936214052
3-Py_Az_BeI3,5.20668535667429
AA_Py_ZnCl3,5.20670875099023
HY_i-BuA_CdCl3,5.20976766415587
DiEA_TetraMA_CaI3,5.21040838406875
FA_Py_BeBr3,5.21070590376635
Cs_TiZ_BeCl3,5.21076166726482
TetraMA_Az_CrCl3,5.21098973925947
FM_TriMA_BeI3,5.21143158913523
Az_TiZ_CdCl3,5.21183720433998
DiMA_TiZ_ZnCl3,5.21228138421733
Py_MA_BaBr3,5.21322624627908
Cs_GUA_ZnCl3,5.21334994002892
HA_PhA_SrBr3,5.21404539514014
EA_Py_ZnCl3,5.2140569120745
Cs_DiMA_ZnCl3,5.21444522130493
i-PA_i-BuA_ZnBr3,5.21549578822468
EA_TetraMA_VCl3,5.21572506871223
TetraMA_DiMA_VCl3,5.21601414706079
DiMA_i-BuA_CdCl3,5.21734422075171
EA_i-BuA_CdCl3,5.21734422075171
IM_i-BuA_CaI3,5.21754661804025
TetraMA_MA_CrCl3,5.21864627426777
EA_TriMA_CdCl3,5.21880492786146
GUA_TroP_MgCl3,5.21912174687103
EA_HA_CdCl3,5.21925948092782
DiEA_IM_MgBr3,5.21966403911283
TriMA_i-PA_VCl3,5.22002310949503
EA_i-PA_CdCl3,5.22025018140543
NH4_Az_CdCl3,5.22046280432053
PhA_AA_GeCl3,5.2213351242683
FA_GUA_BaI3,5.22133630256975
TriMA_TetraMA_CrCl3,5.22231391818406
TriMA_AA_CdCl3,5.22233797106357
GUA_AA_GeCl3,5.22241372253175
PhA_MA_MgCl3,5.22250560791047
FM_DiEA_BeI3,5.22251410210713
IM_Az_CaBr3,5.22335266561937
i-PA_DiMA_CdCl3,5.22413207154399
FM_HY_ZnCl3,5.22492785224657
HY_Py_GeCl3,5.22517520954971
TetraMA_i-PA_MgI3,5.22518068984375
NH4_AA_GeCl3,5.22540307662593
Cs_IM_SrBr3,5.22554198050778
FM_i-BuA_BaBr3,5.22709717841695
Cs_i-BuA_CrCl3,5.22733473501162
TriMA_TetraMA_VCl3,5.22741562734904
DiEA_IM_CdCl3,5.22761606999733
3-Py_HA_ZnCl3,5.22779198266426
FA_Cs_MgBr3,5.22786145643675
Az_TiZ_ZnCl3,5.22852561061217
TetraMA_PhA_GeCl3,5.22865790062111
FM_IM_MgCl3,5.22901159742391
FM_PhA_MgCl3,5.22935029197642
HA_PhA_CdCl3,5.22939556519162
i-PA_IM_ZnCl3,5.22947191506566
TetraMA_Az_VCl3,5.23250611417626
HY_IM_GeCl3,5.23265622034469
PhA_Az_BeCl3,5.23293899584745
TriMA_PhA_GeCl3,5.23314729185644
i-PA_PhA_GeCl3,5.23428075605007
3-Py_HY_ZnCl3,5.23570671414373
IM_MA_BaBr3,5.23714113049309
HY_PhA_GeCl3,5.23737578128908
PhA_i-BuA_GeCl3,5.23791055276236
3-Py_i-BuA_CdCl3,5.2381391442283
i-PA_AA_CdCl3,5.23855282825646
PhA_AA_SrCl3,5.23901591849224
3-Py_PhA_MgCl3,5.24378095976367
NH4_Az_GeCl3,5.24411350516161
3-Py_TetraMA_BeBr3,5.24521227961026
3-Py_HA_GeCl3,5.24548381565575
GUA_Az_GeCl3,5.24641474893911
FM_DiMA_GeCl3,5.24830162582394
FM_EA_GeCl3,5.24830162582394
DiEA_IM_CaI3,5.24922405137816
FA_Az_GeCl3,5.24922894198883
FM_MA_SrBr3,5.24956245596834
3-Py_DiEA_BeI3,5.24977564834725
HY_PhA_ZnCl3,5.25192430276135
TetraMA_Py_CdCl3,5.25243729559923
FM_TetraMA_GeCl3,5.25327851806098
TriMA_GUA_BaI3,5.2537485881944
NH4_TiZ_MgCl3,5.25378436748676
TriMA_IM_MgBr3,5.2551455104234
TetraMA_i-BuA_CrCl3,5.25541479906957
EA_IM_ZnCl3,5.25688876513482
i-BuA_TiZ_CaBr3,5.25818569971141
3-Py_DiEA_MgBr3,5.25976460092026
i-PA_DiMA_VCl3,5.26016563691458
Cs_TiZ_SrCl3,5.26161312064586
HA_Cs_MnCl3,5.2624720153644
3-Py_DiMA_ZnCl3,5.26269993282031
3-Py_EA_ZnCl3,5.26269993282031
TriMA_IM_ZnCl3,5.2628992937558
TroP_i-BuA_SrCl3,5.26298900986796
i-PA_Py_GeCl3,5.26400213048084
TriMA_Py_CdCl3,5.26524970106343
FM_i-PA_BeI3,5.26556786272535
TriMA_Py_BaBr3,5.26768271106851
TetraMA_i-BuA_VCl3,5.26781261453247
NH4_TiZ_BeBr3,5.26851316055568
TetraMA_i-BuA_CdCl3,5.26867806217178
DiEA_PhA_CaBr3,5.26976764682656
Cs_IM_BeI3,5.26977450291892
TroP_AA_BeCl3,5.27162140727197
i-PA_Py_BaBr3,5.27310528955458
DiEA_i-BuA_BeI3,5.27476043828488
i-PA_i-BuA_CrCl3,5.2755319260276
IM_MA_SrBr3,5.27599811140835
FA_AA_BeBr3,5.2763193243822
HY_Az_GeCl3,5.27653426992418
TriMA_DiMA_VCl3,5.27716250567189
DiEA_TiZ_SrBr3,5.27885325525087
EA_TriMA_VCl3,5.27943713621361
TriMA_i-BuA_CrCl3,5.27975983459755
HY_Py_ZnCl3,5.2798372302585
i-PA_Py_CdCl3,5.28084461779039
EA_i-PA_VCl3,5.28088238975758
3-Py_DiEA_CdCl3,5.28099783056201
FA_Az_BeI3,5.28190158078682
GUA_Az_BeI3,5.28210596433888
Az_MA_CdCl3,5.28252005951006
i-PA_GUA_BaI3,5.2832775300383
i-PA_IM_MgBr3,5.28351734083085
FM_Cs_BaCl3,5.28358736253056
HY_IM_ZnCl3,5.28453042604306
HA_TroP_MgCl3,5.28494249595796
3-Py_i-PA_BeBr3,5.28496791992552
DiEA_PhA_GeCl3,5.28519464724859
HA_Py_ZnCl3,5.28555247917002
FA_Py_CdCl3,5.28606692397293
FA_Cs_ZnCl3,5.28722783549364
HA_PhA_BeBr3,5.28741810512603
HA_TroP_BeCl3,5.28819528075211
TroP_MA_BeCl3,5.28830492874828
FA_GUA_CaI3,5.29138555944614
PhA_DiMA_GeCl3,5.29252046724243
PhA_i-BuA_BeBr3,5.29274557103647
DiMA_IM_CaBr3,5.29278173391763
EA_IM_CaBr3,5.29278173391763
DiEA_TiZ_MgCl3,5.2934889642897
Az_MA_GeCl3,5.29356623658706
DiMA_IM_CdCl3,5.29357765723196
DiMA_i-BuA_MnCl3,5.29688386846776
EA_i-BuA_MnCl3,5.29694636656108
DiEA_TriMA_MgBr3,5.29729015219601
DiEA_i-BuA_ZnBr3,5.29763775396039
FM_GUA_BaCl3,5.29770174610678
Cs_GUA_MgBr3,5.29802116337312
DiEA_DiMA_GaCl3,5.29807166112147
DiEA_EA_GaCl3,5.29807166112147
MA_TiZ_ZnCl3,5.29827228479345
GUA_i-BuA_CdCl3,5.2984383694128
3-Py_Az_CaBr3,5.29886621169373
DiEA_i-PA_MgBr3,5.29894900034726
TetraMA_Py_CaCl3,5.29930714446493
DiEA_PhA_CaCl3,5.29973453336742
IM_MA_GeCl3,5.3004019077844
TetraMA_PhA_CaBr3,5.30123155464918
FA_TiZ_CdCl3,5.30150726949788
TriMA_i-PA_CrCl3,5.30167547593797
DiMA_Py_SrBr3,5.30200918585244
EA_Py_SrBr3,5.30200918585244
FA_i-BuA_CdCl3,5.30216347467344
DiEA_PhA_BeBr3,5.30245747828926
TetraMA_DiMA_CrCl3,5.30290222973226
FM_TetraMA_CdCl3,5.30377149507588
DiMA_TiZ_CdCl3,5.30457182486612
EA_TiZ_CdCl3,5.30457182486612
EA_IM_CdCl3,5.30464662476992
PhA_DiMA_CdCl3,5.30637368582219
EA_TetraMA_CrCl3,5.30888992121489
3-Py_DiEA_CaI3,5.30893926418181
IM_Az_CdCl3,5.30935721302486
HA_Az_ZnCl3,5.30980011205543
TriMA_IM_CdCl3,5.30997332339209
FM_TriMA_MgBr3,5.31069144675767
DiEA_HA_ZnCl3,5.3124574640807
GUA_TroP_BeCl3,5.3125241113048
DiEA_HY_ZnCl3,5.3130240344759
i-PA_Py_CaBr3,5.313457324343
GUA_IM_CaBr3,5.31402969083856
i-PA_DiMA_CrCl3,5.31422901715006
DiEA_DiMA_MgBr3,5.31540073768792
FA_IM_CdCl3,5.31573117624196
IM_i-BuA_GeCl3,5.31596764391421
NH4_MA_ZnCl3,5.31615311572034
PhA_GUA_CaCl3,5.31653025808612
DiMA_MA_CdCl3,5.31659124282394
EA_MA_CdCl3,5.31659124282394
DiEA_EA_MgBr3,5.31876168910348
TetraMA_Py_CaBr3,5.31899962571668
EA_Cs_ZnCl3,5.31932038347234
EA_Cs_VCl3,5.31982294860093
TriMA_Cs_ZnCl3,5.3204656681008
EA_Py_CdCl3,5.32145653696324
EA_NH4_CdCl3,5.32328118272555
GUA_Az_CdCl3,5.32403428238948
FM_TriMA_GeCl3,5.32416211301939
HA_PhA_CaBr3,5.32500386490147
TriMA_DiMA_CrCl3,5.32500392700517
FM_i-PA_GeCl3,5.32560736656336
3-Py_TetraMA_ZnCl3,5.32567356075149
i-PA_IM_CdCl3,5.32618818058498
FM_i-PA_MgBr3,5.32633853344785
TetraMA_IM_CaI3,5.32807783439383
3-Py_HY_BeBr3,5.32895178883504
FM_DiEA_BaCl3,5.32896565429138
GUA_Py_CaBr3,5.32943248005322
TriMA_IM_SrBr3,5.32957406401518
NH4_DiMA_CdCl3,5.32967165300039
HA_AA_SrI3,5.32997304785509
EA_i-PA_CrCl3,5.33044368730526
3-Py_FA_BaCl3,5.33048264952557
TetraMA_IM_ZnCl3,5.33074231708716
TetraMA_PhA_BeBr3,5.33112778526668
GUA_MA_SrI3,5.33123437223657
NH4_PhA_GeCl3,5.33166600704162
AA_TiZ_BaCl3,5.33249237677855
IM_AA_CaBr3,5.33256457976426
NH4_GUA_CaI3,5.33287822254923
HY_DiMA_CdCl3,5.33435362930857
HA_Az_MgBr3,5.33446491991026
EA_TriMA_CrCl3,5.33522039266349
HY_Az_ZnCl3,5.33533295443656
TriMA_Py_BeBr3,5.33567238964089
i-PA_IM_SrBr3,5.3357757349244
3-Py_AA_CaBr3,5.33593378918451
FM_PhA_CaCl3,5.33604645144944
TriMA_Py_SrBr3,5.33656844393948
DiMA_Az_GeCl3,5.33656916248567
EA_Az_GeCl3,5.33656916248567
DiEA_TriMA_ZnCl3,5.3373549649183
Cs_NH4_ZnCl3,5.3373846587857
PhA_GUA_BaCl3,5.3377668953775
PhA_Az_MgCl3,5.33785993586679
DiEA_i-PA_ZnCl3,5.33880021846228
HA_Az_GeCl3,5.33951850155986
HA_IM_ZnCl3,5.34203100254292
i-PA_i-BuA_VCl3,5.34216005687943
DiEA_DiMA_SnCl3,5.34241327397801
i-PA_Py_SrBr3,5.3427701148487
3-Py_i-BuA_BaI3,5.34317333210122
TriMA_AA_GeCl3,5.34383595072095
3-Py_TriMA_ZnCl3,5.34410140207651
Cs_Py_CaCl3,5.34460212523454
FM_TriMA_SrBr3,5.34466422395279
NH4_TroP_BeCl3,5.34490979812653
GUA_TiZ_BaCl3,5.34502538459336
DiMA_i-BuA_CrCl3,5.34532731772307
FA_Az_MgBr3,5.34581674034526
FA_MA_GeCl3,5.34830483520746
HY_TiZ_ZnCl3,5.3491856904611
TetraMA_GUA_GeCl3,5.34932547824416
HA_TiZ_ZnCl3,5.34986473034139
FA_Az_ZnCl3,5.34993623009138
AA_TiZ_ZnCl3,5.35016185402896
HA_TriMA_CdCl3,5.3506274944347
FA_NH4_ZnCl3,5.35081429332055
IM_MA_ZnCl3,5.35127657613658
HA_i-PA_CdCl3,5.35207274797867
DiEA_TiZ_CaBr3,5.35208709230154
3-Py_TriMA_CaI3,5.35255108142868
PhA_DiMA_MgCl3,5.35400237768782
HY_GUA_CdCl3,5.35490281077269
IM_i-BuA_ZnCl3,5.35555123838479
FA_TiZ_ZnCl3,5.35559418991047
GUA_AA_CdCl3,5.35600857103173
GUA_Py_CdCl3,5.3569319102009
HY_AA_SrI3,5.35717401594044
Cs_i-PA_MgI3,5.35833437007633
i-PA_AA_GeCl3,5.35890800098579
NH4_IM_BaBr3,5.35962175183012
FM_i-PA_SrBr3,5.36031131064297
HY_PhA_CaBr3,5.36047094453766
3-Py_DiMA_BeI3,5.36053955990656
Cs_MA_ZnCl3,5.3617409482662
FA_IM_ZnCl3,5.36429549019591
GUA_TiZ_CaCl3,5.36479363467948
3-Py_Az_GeCl3,5.36503047762902
i-PA_Py_BeBr3,5.36518703321596
3-Py_i-PA_CaI3,5.3652015487998
TriMA_Py_BeI3,5.36552694831218
3-Py_EA_BeI3,5.36592511226146
IM_AA_CdCl3,5.36692457759977
DiEA_Az_MgBr3,5.36756248067768
FA_HY_MgBr3,5.36891612032094
HY_MA_ZnCl3,5.3696846412926
EA_i-BuA_VCl3,5.3704040094084
DiEA_Py_SrBr3,5.37040425164835
DiMA_i-BuA_VCl3,5.37055191099583
PhA_AA_MgCl3,5.37179927643553
DiEA_GUA_GeCl3,5.37441610800033
DiEA_AA_MgBr3,5.37443197111019
TriMA_Py_CaBr3,5.37517375730059
NH4_i-PA_CdCl3,5.37733981192148
TriMA_NH4_CdCl3,5.37933027786105
FM_i-BuA_ZnCl3,5.3803387057303
TriMA_i-BuA_VCl3,5.38107825805678
FM_NH4_BeI3,5.38229441854951
IM_Az_BaBr3,5.38280930714127
3-Py_i-PA_ZnCl3,5.38346884697428
HY_PhA_CdCl3,5.38348402054311
IM_MA_BeBr3,5.38383570781414
TriMA_PhA_BeBr3,5.38556333290893
AA_MA_GeCl3,5.38640329874301
EA_PhA_GeCl3,5.38699255913722
i-PA_Py_BeI3,5.38852299957242
GUA_Az_ZnCl3,5.38901255860649
3-Py_TriMA_GeCl3,5.38904373122275
FA_AA_BeI3,5.38921151233065
GUA_i-BuA_GeCl3,5.38936463938279
i-BuA_TiZ_CaCl3,5.39018221564203
3-Py_i-PA_GeCl3,5.39048898476673
NH4_DiMA_ZnCl3,5.3911157143946
Cs_DiMA_MgI3,5.39168806477563
3-Py_Py_BeCl3,5.39315505076651
FA_DiMA_GeCl3,5.39509926365496
DiEA_FA_GeCl3,5.39554600171895
3-Py_DiMA_GeCl3,5.39617504895727
3-Py_EA_GeCl3,5.39617504895727
FA_i-BuA_GeCl3,5.39627048865157
HA_GUA_CdCl3,5.39637211001417
GUA_TiZ_CdCl3,5.39714089788633
TriMA_i-BuA_SnCl3,5.39727288206098
FA_HY_GeCl3,5.39820469183428
AA_MA_ZnCl3,5.39964454998621
i-PA_PhA_BeBr3,5.40072994032228
i-BuA_Py_SrBr3,5.40258862146973
GUA_TiZ_ZnCl3,5.40311197433345
TetraMA_TiZ_CaBr3,5.40375115480406
FA_TriMA_GeCl3,5.40384545501574
NH4_i-PA_ZnCl3,5.40403048419428
TriMA_HY_CdCl3,5.40429301103938
AA_TiZ_CdCl3,5.40446888133072
HA_MA_ZnCl3,5.40534491511346
GUA_IM_ZnCl3,5.40535283916749
FA_TetraMA_GeCl3,5.40564881848998
3-Py_i-BuA_MgBr3,5.40577687041564
TriMA_GUA_GeCl3,5.40578633939265
FA_AA_ZnCl3,5.40592949485207
NH4_i-PA_GeCl3,5.40660558797662
FM_HY_BeI3,5.40668922320737
3-Py_DiEA_BaI3,5.40820748891819
FM_HA_BeI3,5.40984433418297
DiEA_i-BuA_SnCl3,5.41087931124172
EA_HY_CdCl3,5.41199281699108
DiEA_Cs_CdCl3,5.41258776580423
DiEA_TriMA_GaCl3,5.41274422423455
HY_TiZ_CaBr3,5.41280370015547
DiEA_TetraMA_CaCl3,5.41319550324002
3-Py_TiZ_BeCl3,5.41370980263697
DiEA_i-PA_GaCl3,5.41418947777852
GUA_AA_ZnCl3,5.41447310717571
TetraMA_Py_SrBr3,5.41691143593649
FA_GUA_MgBr3,5.41721719047352
3-Py_i-BuA_GeCl3,5.41751519182818
TetraMA_i-BuA_CaI3,5.41871576050834
FA_HY_SrI3,5.41927741715486
FM_DiEA_ZnCl3,5.42006502766681
NH4_GUA_ZnCl3,5.42056464871945
PhA_MA_BeCl3,5.42066382940678
i-PA_GUA_GeCl3,5.42085838965748
GUA_Py_ZnCl3,5.4233216391867
i-PA_HY_CdCl3,5.42334060479786
FA_PhA_BaCl3,5.42447278462477
FA_HA_BaBr3,5.42489942525087
EA_FA_GeCl3,5.42544922560977
NH4_PhA_MgCl3,5.42584936537949
AA_Az_ZnCl3,5.42638272890963
NH4_TiZ_BaCl3,5.42640457059173
DiMA_GUA_CdCl3,5.42642877099046
EA_GUA_CdCl3,5.42648449538436
EA_AA_GeCl3,5.42936824539278
HA_Az_BeI3,5.42960199050255
FA_DiMA_ZnCl3,5.42961389099724
3-Py_MA_BaBr3,5.42985723563439
TetraMA_IM_MgBr3,5.4307765119948
i-PA_i-BuA_SnCl3,5.43097031172434
3-Py_TriMA_BaI3,5.43166444955036
EA_MA_GeCl3,5.43261818725295
FM_i-BuA_GeCl3,5.43386491726015
EA_GUA_GeCl3,5.43423201956051
TetraMA_IM_CdCl3,5.43476905583957
GUA_Az_MgBr3,5.43543968305299
MA_TiZ_CaBr3,5.4363941049847
AA_Az_GeCl3,5.43725924567506
FM_Cs_BaBr3,5.43856938658181
DiMA_MA_GeCl3,5.43875434280678
EA_FA_ZnCl3,5.43970193206563
NH4_GUA_BaBr3,5.44035554697135
3-Py_MA_MgBr3,5.44150280363858
EA_i-BuA_CrCl3,5.4416321577902
3-Py_DiMA_CdCl3,5.44182607968361
3-Py_EA_CdCl3,5.44182607968361
FA_HY_CdCl3,5.44194601800923
FM_TetraMA_MgBr3,5.44326931043373
i-BuA_Az_CaCl3,5.4437189924732
3-Py_DiEA_GeCl3,5.44797249130157
DiMA_AA_CdCl3,5.44967291374492
FA_TriMA_CdCl3,5.4501324198859
HY_GUA_MgBr3,5.45096700742036
FA_i-PA_CdCl3,5.45157767342988
i-BuA_Az_MgBr3,5.45173518196288
3-Py_i-PA_BaI3,5.45258238516244
PhA_Az_SrCl3,5.45634569011018
TriMA_Az_ZnCl3,5.45664845205055
PhA_i-BuA_BaBr3,5.4568816845498
HY_Py_CaBr3,5.45742840307616
3-Py_TriMA_BaCl3,5.45967598793254
TriMA_NH4_ZnCl3,5.46038337692223
GUA_Az_BeBr3,5.4616879654776
EA_PhA_CdCl3,5.4622131043896
TetraMA_AA_ZnCl3,5.46313899983812
NH4_GUA_BeI3,5.46320808705344
Cs_TiZ_MgCl3,5.46628123690081
DiMA_Az_ZnCl3,5.46631698076353
EA_Az_ZnCl3,5.46631698076353
3-Py_TriMA_BaBr3,5.46782222924583
i-PA_PhA_CdCl3,5.46940474066075
i-PA_Az_ZnCl3,5.46956711826778
PhA_AA_BeCl3,5.4698029491376
FA_Az_BaBr3,5.46986077287214
TriMA_PhA_CdCl3,5.4708028108344
FM_DiEA_GeCl3,5.47204616907867
3-Py_i-BuA_ZnCl3,5.47250445848619
3-Py_i-PA_BaCl3,5.47369656984596
Cs_PhA_SrCl3,5.474903664628
EA_NH4_ZnCl3,5.47497417872224
FM_Py_CaCl3,5.47530612677701
NH4_IM_MgCl3,5.47581192650444
FA_HA_GeCl3,5.47759633228947
PhA_DiMA_BeCl3,5.47802012813024
DiEA_i-BuA_ZnCl3,5.47861007616189
NH4_PhA_BaCl3,5.47929946464269
FA_TiZ_BeCl3,5.47985994406984
FM_Py_MgCl3,5.48093323641778
HA_DiMA_GeCl3,5.4831336891643
TetraMA_Cs_MgI3,5.48346810701853
DiEA_i-BuA_CaCl3,5.48360785028202
3-Py_DiMA_CaBr3,5.48382879416048
3-Py_EA_CaBr3,5.48382879416048
3-Py_MA_BeI3,5.48420685269671
TriMA_Py_BaI3,5.48482755899009
FA_GUA_GeCl3,5.48697750208215
DiMA_AA_GeCl3,5.48832743557334
DiEA_Py_GeCl3,5.48845977971853
Cs_PhA_CaBr3,5.48858474964824
FM_Az_MgCl3,5.48943060950662
HA_GUA_MgBr3,5.48972659356519
TetraMA_NH4_GeCl3,5.4916457572818
TetraMA_i-BuA_BeI3,5.49176261193553
HA_AA_MgBr3,5.49374457371167
DiEA_TetraMA_ZnCl3,5.49690325931198
TetraMA_Cs_ZnCl3,5.49738525178511
IM_i-BuA_BaI3,5.49786213406252
i-BuA_MA_ZnCl3,5.50060056228885
3-Py_MA_SrBr3,5.50088970902884
Cs_MA_MgI3,5.50101822611842
HA_Py_CaBr3,5.50105626656738
Az_MA_ZnCl3,5.50172329423589
HY_AA_ZnCl3,5.50206149660223
DiEA_TetraMA_BeI3,5.50240570556424
TroP_MA_MgCl3,5.50351062956847
EA_AA_CdCl3,5.50366088821749
GUA_MA_GeCl3,5.50491785640833
i-PA_PhA_CaBr3,5.5053068705331
TetraMA_IM_BeBr3,5.50748960843732
i-BuA_Py_GeCl3,5.50755367881739
HA_DiMA_ZnCl3,5.50941184560137
HY_IM_SrBr3,5.50989300420189
FA_IM_BaCl3,5.51001333424283
3-Py_DiEA_ZnCl3,5.51092238191774
DiEA_IM_GeCl3,5.51281982935197
DiEA_PhA_BaBr3,5.51564772900709
FA_HA_CdCl3,5.51608941945167
3-Py_Cs_BeI3,5.51645419081423
FA_MA_ZnCl3,5.51799011071775
DiMA_TroP_SrCl3,5.51826269068235
HY_AA_GeCl3,5.51947898466537
Cs_HY_ZnCl3,5.52002946469162
i-BuA_Az_CaI3,5.5249263468524
FA_TiZ_CaCl3,5.52495605651999
Cs_HY_MgI3,5.52496923527098
TetraMA_IM_BeI3,5.52504518174646
TriMA_PhA_CaBr3,5.52535185631901
Az_TiZ_CaCl3,5.52615130838341
TriMA_Py_SrI3,5.52666619305331
Cs_i-BuA_CdCl3,5.5291260939156
i-PA_Py_SrI3,5.53286786396254
i-PA_TiZ_CaCl3,5.5337448302666
HY_GUA_GeCl3,5.53438920152012
Az_Py_BeCl3,5.5355601688639
NH4_TiZ_SrCl3,5.53787305139216
PhA_DiMA_SrCl3,5.53931849578931
HY_DiMA_GeCl3,5.53998891774438
TriMA_HY_GeCl3,5.54040861743777
FM_MA_BaCl3,5.54049915897857
i-BuA_Py_BaCl3,5.54352239751238
3-Py_GUA_BaCl3,5.54391749434003
EA_TroP_SrCl3,5.54475702069537
i-BuA_TiZ_BaCl3,5.54538124737746
HA_AA_ZnCl3,5.54564684533866
DiEA_TiZ_CaCl3,5.54588446216672
i-PA_Py_BaI3,5.54631293128376
NH4_GUA_CdCl3,5.5464058592742
i-PA_IM_CaBr3,5.5465355537461
TriMA_TiZ_CaCl3,5.546876947813
FA_Az_BeBr3,5.54699921553845
HY_PhA_CaCl3,5.54743858814247
FM_HA_SrBr3,5.54764279448312
TetraMA_NH4_ZnCl3,5.54828466375759
AA_Az_CaI3,5.54963636252486
i-BuA_Py_BeCl3,5.55109200262547
3-Py_FA_CaCl3,5.55204274764679
HA_TetraMA_GeCl3,5.55336881819991
3-Py_NH4_SrCl3,5.55348442405535
TroP_AA_SrCl3,5.55365348382925
GUA_MA_ZnCl3,5.55426448436075
FM_FA_BaCl3,5.55464599055902
AA_TiZ_CaCl3,5.5546976439711
Cs_IM_BaCl3,5.5565363144448
3-Py_TriMA_BeI3,5.55751641512144
HA_TiZ_BeCl3,5.55762596633733
HY_i-BuA_BaI3,5.55964854985898
TriMA_IM_CaBr3,5.55971188488279
HY_TiZ_MgCl3,5.56081378313155
IM_i-BuA_SrI3,5.5626880199275
IM_i-BuA_BeI3,5.56288679712351
HA_TriMA_ZnCl3,5.56325049623857
HY_AA_MgBr3,5.56337378848988
TetraMA_PhA_BaCl3,5.56420253379844
HA_i-PA_ZnCl3,5.56469574978255
i-PA_i-BuA_CaI3,5.56514351270288
EA_HY_GeCl3,5.56738869907417
HA_i-PA_GeCl3,5.56758422630312
FA_HY_BaBr3,5.56929671703965
DiEA_MA_ZnCl3,5.56987476409356
FA_Cs_BaI3,5.570517137035
IM_Az_BaCl3,5.57511807055559
3-Py_DiEA_SrI3,5.57587729816881
HA_Py_BaCl3,5.5758947338009
FA_PhA_CaCl3,5.57611903499484
NH4_GUA_SrBr3,5.57771419701869
FM_i-PA_BaCl3,5.57944320341756
TriMA_Cs_MgI3,5.5794532493717
TriMA_HY_ZnCl3,5.58108899424374
FM_AA_SrBr3,5.5814620659655
i-PA_HY_GeCl3,5.58189135735542
HA_Cs_MgI3,5.58193755307515
HA_Py_BaBr3,5.58211632495289
3-Py_i-BuA_SrI3,5.58270933317418
TriMA_i-BuA_CaI3,5.58314980059515
DiEA_Az_CaI3,5.58330380532676
FA_i-PA_ZnCl3,5.5836137314524
IM_Az_CaCl3,5.58378257638643
3-Py_DiMA_SrBr3,5.58537322320953
DiMA_MA_ZnCl3,5.58589243033481
EA_MA_ZnCl3,5.58589243033481
3-Py_Cs_MgBr3,5.58595110447401
FM_i-BuA_CdCl3,5.58810312854667
FA_TriMA_ZnCl3,5.58839043681063
DiEA_i-BuA_MgBr3,5.58845299390961
TetraMA_i-BuA_MgBr3,5.58894547957665
GUA_Az_BaBr3,5.59070676364689
3-Py_Py_SrCl3,5.59321496054951
FA_HY_BeI3,5.59368733842299
GUA_AA_SrBr3,5.59552295206609
DiEA_IM_BaI3,5.59579764958837
AA_Az_BaBr3,5.5965291184784
TetraMA_IM_BaBr3,5.597004551777
DiMA_AA_ZnCl3,5.59820603101022
EA_AA_ZnCl3,5.59820603101022
HA_TiZ_SrCl3,5.60075869278798
HA_GUA_BaBr3,5.60122704042649
FM_TriMA_BaCl3,5.60125082361112
TetraMA_TiZ_BaCl3,5.60180847033547
DiMA_TiZ_BaCl3,5.60241807148049
EA_TiZ_BaCl3,5.60241807148049
FM_HA_BaCl3,5.60249527443598
HA_Py_SrBr3,5.60258334794589
DiEA_Az_CaCl3,5.60409053526409
DiEA_TriMA_SnCl3,5.60496891131048
FM_Py_BeCl3,5.60499545681687
3-Py_NH4_CaBr3,5.60559209576812
DiEA_i-PA_SnCl3,5.60641416485445
EA_HA_GeCl3,5.60698002392314
3-Py_TetraMA_BaBr3,5.60804911892093
AA_Az_CdCl3,5.60914639794855
i-PA_Py_CaCl3,5.6094661107479
TriMA_GUA_CdCl3,5.60974514520656
3-Py_PhA_SrCl3,5.61088315730256
DiMA_TiZ_CaCl3,5.61238857926433
MA_TiZ_BaCl3,5.61275901347121
HA_TetraMA_ZnCl3,5.61279981447245
3-Py_i-PA_BeI3,5.61286742940318
FM_Cs_SrCl3,5.61425157382715
FA_NH4_BaI3,5.61526233493361
TetraMA_Py_BaCl3,5.61586194003339
DiMA_Py_CaCl3,5.6161201857927
EA_Py_CaCl3,5.6161201857927
i-BuA_TiZ_MgCl3,5.61641468975801
EA_Cs_MgI3,5.61654009181644
HY_Py_BaCl3,5.6167039421712
DiEA_i-PA_CaI3,5.61678820552584
3-Py_FA_MgCl3,5.61822806121861
DiEA_TriMA_CaI3,5.61833957130093
DiEA_HA_GeCl3,5.6193531454962
DiMA_GUA_ZnCl3,5.61990920330796
EA_GUA_ZnCl3,5.61990920330796
TriMA_GUA_ZnCl3,5.62021353996758
EA_TiZ_CaCl3,5.62151580503305
PhA_GUA_MgCl3,5.62232165933982
TriMA_Py_CaCl3,5.6225982282943
DiEA_IM_BeBr3,5.62266133822541
TetraMA_i-BuA_GeCl3,5.62429707553305
Py_MA_BaCl3,5.62589813553596
i-PA_GUA_CdCl3,5.62596000239945
AA_Py_BaCl3,5.62647599132824
TriMA_TroP_SrCl3,5.62819611361021
DiEA_IM_BeI3,5.62951519774799
HA_AA_GeCl3,5.62998416034323
FM_HA_BeBr3,5.63080079672949
EA_i-PA_GeCl3,5.6309354725256
FA_TetraMA_ZnCl3,5.63234820269517
i-PA_GUA_ZnCl3,5.63313220618482
FM_Az_BeBr3,5.63367576705788
HA_Py_BeBr3,5.63385949882046
3-Py_i-BuA_CaCl3,5.63435733369757
3-Py_GUA_CaCl3,5.63436753714743
FA_Az_SrBr3,5.63502119823443
IM_i-BuA_CdCl3,5.63675287925233
HA_PhA_BaCl3,5.6405239695491
TetraMA_Az_MgBr3,5.64077461136631
FM_NH4_BaBr3,5.64094522828113
DiEA_i-BuA_BaI3,5.64204946048348
TetraMA_HY_ZnCl3,5.6423448812388
Py_MA_MgCl3,5.64413171475048
EA_Py_MgCl3,5.64441919935489
TetraMA_PhA_SrBr3,5.64443840581362
EA_HA_ZnCl3,5.64456685674117
Cs_Py_MgCl3,5.6452103568984
HY_GUA_BeI3,5.64582016888542
TriMA_TiZ_MgCl3,5.64616838518894
i-PA_HY_ZnCl3,5.64799563493355
FA_AA_CaBr3,5.64847393205639
NH4_PhA_SrCl3,5.65065925234024
FA_GUA_ZnCl3,5.65124067880912
HY_GUA_ZnCl3,5.65214473722327
FM_DiEA_CdCl3,5.6536404328872
HA_i-BuA_GeCl3,5.65399545265989
DiMA_IM_CaCl3,5.65416228314681
EA_IM_CaCl3,5.65416228314681
DiEA_Py_BaCl3,5.6543052471804
i-PA_PhA_BaCl3,5.6556982585602
DiEA_TiZ_BaCl3,5.65616409704548
TetraMA_Az_GeCl3,5.65691519299675
Az_Py_SrCl3,5.65723436954675
3-Py_TetraMA_CaCl3,5.65842692800285
TriMA_IM_BaCl3,5.66066583748621
GUA_MA_MgBr3,5.66110711929618
TetraMA_Az_ZnCl3,5.6642257730525
HY_PhA_BaCl3,5.66576221269286
PhA_GUA_SrCl3,5.66642406596844
EA_IM_BaCl3,5.66735223041967
TriMA_PhA_BaCl3,5.66829775284999
DiEA_Cs_MgI3,5.66837990802151
Cs_i-BuA_ZnCl3,5.66904044130387
i-PA_TroP_SrCl3,5.66927910142032
FM_GUA_MgCl3,5.66981137342342
EA_TriMA_GeCl3,5.67060166927917
TriMA_TetraMA_MgBr3,5.67278383536765
DiEA_PhA_MgCl3,5.67289870974355
3-Py_FM_SrCl3,5.67337442937331
TetraMA_i-PA_MgBr3,5.67398289795969
NH4_IM_BaCl3,5.67432907105691
3-Py_TetraMA_BaCl3,5.67449316688045
NH4_Py_MgCl3,5.67507077185106
DiEA_EA_ZnCl3,5.67507091972505
DiEA_DiMA_ZnCl3,5.6758018958499
HA_i-BuA_BaI3,5.67601885252569
TriMA_MA_ZnCl3,5.67613411148057
DiMA_i-BuA_CaI3,5.67625457302499
EA_i-BuA_CaI3,5.67625457302499
GUA_Py_CaCl3,5.67718705280887
PhA_i-BuA_MgCl3,5.67785915541675
DiEA_i-BuA_SrI3,5.67804767065666
Cs_GUA_BaI3,5.67833325187566
TriMA_i-BuA_ZnCl3,5.68015985066421
AA_Az_BeI3,5.68017101134498
TriMA_AA_ZnCl3,5.68024067029062
DiEA_IM_SrI3,5.68054050574163
TriMA_DiMA_GeCl3,5.68102637893558
DiMA_IM_BaCl3,5.6822386248478
NH4_IM_SrBr3,5.68270324380414
DiMA_i-BuA_MgBr3,5.68394651648429
EA_i-BuA_MgBr3,5.68394651648429
DiMA_TiZ_MgCl3,5.68685319527347
EA_TiZ_MgCl3,5.68685319527347
DiEA_IM_BaBr3,5.68714990417643
i-PA_MA_ZnCl3,5.68905277769781
TetraMA_TiZ_MgCl3,5.68952602178756
FM_FA_MgCl3,5.68967485620879
DiEA_Py_BeCl3,5.69021756406164
HY_DiMA_ZnCl3,5.69208065156773
TriMA_Az_GeCl3,5.69297080698149
i-PA_AA_ZnCl3,5.69315933650786
i-PA_IM_BaCl3,5.69537293539077
TetraMA_TiZ_CaCl3,5.69562268104548
GUA_IM_BaCl3,5.6960752423935
FM_TetraMA_SrCl3,5.69751758440335
3-Py_Cs_BaBr3,5.69771721722037
DiEA_MA_GeCl3,5.6979200730065
i-BuA_MA_GeCl3,5.69825081913497
i-BuA_AA_GeCl3,5.7001665596397
TetraMA_PhA_CaCl3,5.7008205720504
i-BuA_Az_GeCl3,5.70312024155415
TetraMA_AA_GeCl3,5.70486935634824
DiMA_Py_MgCl3,5.70496747306119
i-PA_i-BuA_ZnCl3,5.70547705402685
TetraMA_GUA_ZnCl3,5.70568446899045
AA_Az_BeBr3,5.70627058773666
DiMA_GUA_CaI3,5.70627351833162
EA_GUA_CaI3,5.70627351833162
i-PA_Py_BaCl3,5.70691394116327
FM_AA_MgCl3,5.70753330539537
EA_TetraMA_MgBr3,5.70844421961582
EA_DiMA_ZnCl3,5.70866900109657
TetraMA_MA_GeCl3,5.70932227343471
i-PA_DiMA_GeCl3,5.71043773816975
IM_AA_CaCl3,5.71065562949483
TroP_AA_MgCl3,5.71147825990748
i-BuA_AA_MgBr3,5.71218759084264
FA_HY_ZnCl3,5.71224920686723
FM_DiMA_BaBr3,5.71418187980087
TriMA_Py_BaCl3,5.71430750014445
HA_IM_SrBr3,5.71533490679629
FM_EA_BaBr3,5.71592249584849
NH4_i-BuA_GeCl3,5.71679968625287
3-Py_Az_CaCl3,5.71864597396993
FA_i-BuA_ZnCl3,5.71993269677124
i-PA_Az_GeCl3,5.72066328487095
DiEA_PhA_SrCl3,5.72105664245988
FM_i-PA_CaBr3,5.72176253208368
TriMA_TetraMA_CaI3,5.72281063482514
3-Py_IM_BeCl3,5.7242308406241
TetraMA_i-BuA_BaI3,5.72439108454149
3-Py_HA_BeBr3,5.72454491515532
IM_i-BuA_MgBr3,5.72711426887198
HY_GUA_BaBr3,5.72718970843546
TetraMA_Az_CaI3,5.72841561722402
TetraMA_i-PA_CaI3,5.73059919173986
GUA_Py_BaCl3,5.73439043964797
DiEA_PhA_BeCl3,5.73479656671744
FA_AA_SrBr3,5.73503374411609
TriMA_MA_GeCl3,5.73635785782051
FM_TetraMA_BeBr3,5.73809726505508
TetraMA_i-PA_ZnCl3,5.73831906857089
TriMA_GUA_CaI3,5.73908203776116
3-Py_AA_CaCl3,5.7400545347388
GUA_AA_CaBr3,5.7408689972554
TriMA_i-PA_MgBr3,5.74522740697879
FM_HA_MgCl3,5.74573298173492
DiMA_IM_MgCl3,5.74682163667147
EA_IM_MgCl3,5.74682163667147
DiEA_TetraMA_CaBr3,5.74717789978994
DiEA_Cs_ZnCl3,5.74923231678889
i-PA_TiZ_MgCl3,5.74930690993044
i-PA_GUA_CaI3,5.74935979770639
DiEA_PhA_SrBr3,5.74958056238907
FM_DiEA_MgBr3,5.75071040974818
FM_i-BuA_MgBr3,5.75191122284107
i-PA_PhA_CaCl3,5.75214592251734
PhA_i-BuA_SrCl3,5.75514378049049
TriMA_TetraMA_GeCl3,5.75696665611066
EA_HY_ZnCl3,5.75700079739216
TriMA_TetraMA_ZnCl3,5.75757892713251
3-Py_TetraMA_SrI3,5.75876609511173
Az_Py_MgCl3,5.76048852812465
3-Py_IM_MgCl3,5.76146016007221
TetraMA_i-PA_GeCl3,5.76610242203282
HY_i-BuA_GeCl3,5.76847890125064
DiEA_Az_GeCl3,5.77065619515276
HA_GUA_ZnCl3,5.77145840025485
DiEA_NH4_GeCl3,5.77365298482832
TetraMA_DiMA_MgBr3,5.77442778674171
GUA_AA_BaBr3,5.7748889644115
AA_TiZ_SrCl3,5.77496584010653
PhA_i-BuA_BeCl3,5.77677316369447
3-Py_Py_MgCl3,5.7788600945717
TriMA_i-BuA_MgBr3,5.78021728449987
i-PA_i-BuA_MgBr3,5.78138777417548
TriMA_PhA_SrBr3,5.78147187318414
HA_Cs_ZnCl3,5.78163951331706
HY_GUA_SrI3,5.78196427024238
EA_DiMA_GeCl3,5.78209745613365
GUA_i-BuA_ZnCl3,5.7829144821516
IM_AA_BaCl3,5.78312721060783
TriMA_PhA_CaCl3,5.78317517123524
FM_GUA_BeBr3,5.784501546091
DiEA_i-BuA_GeCl3,5.78550481242859
DiEA_TetraMA_BeBr3,5.78973122644818
i-PA_TiZ_BeCl3,5.7902673794461
3-Py_FA_BeCl3,5.79141314958562
HY_TiZ_BaCl3,5.7938342917904
TetraMA_i-BuA_ZnCl3,5.79465667533978
FA_Cs_SrI3,5.79701040958464
FA_PhA_MgCl3,5.79822194005594
TriMA_TiZ_BeCl3,5.7984887525934
TetraMA_HY_GeCl3,5.7990638643246
TriMA_i-PA_GeCl3,5.80666561449023
HA_HY_MgBr3,5.80860666201683
3-Py_IM_SrCl3,5.8089413171438
FM_DiMA_SrBr3,5.81057209124073
TetraMA_DiMA_GeCl3,5.81216366920738
HY_TroP_MgCl3,5.81535176572891
3-Py_GUA_SrCl3,5.81535345457988
3-Py_FM_BeCl3,5.81606962189498
PhA_i-BuA_SrBr3,5.81871426450422
Az_TiZ_BeCl3,5.82037224075877
FA_HA_ZnCl3,5.82039573870891
TetraMA_PhA_BeCl3,5.82133678890063
EA_PhA_BeCl3,5.82390301909925
3-Py_TriMA_CaBr3,5.825587291253
3-Py_TetraMA_CaBr3,5.82814420949892
TriMA_GUA_BeI3,5.82858702677352
DiEA_TetraMA_GeCl3,5.82912890432201
3-Py_i-BuA_BeBr3,5.83032121189137
EA_TetraMA_GeCl3,5.83043994115172
HY_AA_BeI3,5.83259680017412
3-Py_Cs_SrBr3,5.83554239095163
FM_i-BuA_SrBr3,5.83596718294656
NH4_AA_MgBr3,5.8363837491832
3-Py_i-PA_CaBr3,5.83823775862411
HA_i-BuA_ZnCl3,5.83875157125325
HA_PhA_CaCl3,5.83877819397873
3-Py_i-PA_BaBr3,5.83951949658359
FM_AA_BeBr3,5.8401824974608
GUA_TiZ_MgCl3,5.84480491165655
Cs_PhA_BeCl3,5.84502400723508
IM_i-BuA_BaBr3,5.84641543277336
FM_NH4_BeBr3,5.84680816323668
FA_Az_CaBr3,5.84768129490855
i-PA_GUA_BeI3,5.84832831934883
DiEA_i-BuA_CaBr3,5.84876785746949
DiEA_TetraMA_BaI3,5.85161860092363
FA_AA_BaBr3,5.85485200056693
3-Py_Az_BeCl3,5.85529452908852
HY_i-BuA_ZnCl3,5.85557690071917
FM_NH4_BaCl3,5.85716110673391
NH4_PhA_CaCl3,5.85719395643503
TetraMA_GUA_BaI3,5.85784863881625
TetraMA_Py_BeCl3,5.85817975579042
FM_DiEA_BeBr3,5.85852935705483
NH4_Az_MgBr3,5.85902371947828
TriMA_GUA_SrI3,5.86235912203527
FA_TiZ_SrCl3,5.86483579244967
TetraMA_i-BuA_SrI3,5.86684870088998
MA_TiZ_MgCl3,5.86947862198386
i-PA_GUA_SrI3,5.87027967428921
DiEA_TetraMA_BeCl3,5.87186770398687
3-Py_NH4_BeBr3,5.87205991857609
3-Py_Cs_BeBr3,5.87227981416925
GUA_TiZ_BeCl3,5.87245581148274
Py_MA_CaCl3,5.8729875976793
Cs_GUA_BeI3,5.87390880394471
i-BuA_TiZ_SrCl3,5.87403123078767
TriMA_Az_MgBr3,5.87494046829113
HA_IM_BaBr3,5.87776789405066
FA_IM_MgCl3,5.8787205960925
3-Py_DiEA_BeBr3,5.87876085088227
FA_i-BuA_CaI3,5.88143727309611
IM_i-BuA_BeBr3,5.88168451538739
FM_Az_SrCl3,5.88322867415132
DiEA_PhA_BaCl3,5.88498997656282
GUA_Az_SrBr3,5.88647229339353
HY_IM_BaBr3,5.89091946603835
Cs_IM_MgCl3,5.89143120764924
FM_HY_BeBr3,5.89212941110845
i-PA_Az_MgBr3,5.89295553828342
TetraMA_IM_SrBr3,5.89393194082192
TriMA_i-BuA_GeCl3,5.89542618241208
FM_NH4_CaCl3,5.89572203552454
FM_PhA_BeCl3,5.89845877875403
FM_EA_SrBr3,5.90026603521454
3-Py_i-PA_CaCl3,5.90392540056744
GUA_MA_BeI3,5.9043225006522
TetraMA_Az_BaI3,5.90565113271999
i-BuA_MA_CaI3,5.90624863324863
GUA_i-BuA_CaI3,5.90656865679295
3-Py_i-BuA_CaBr3,5.90724086544658
3-Py_DiEA_CaCl3,5.9088908461522
DiMA_i-BuA_GeCl3,5.90893404796262
EA_i-BuA_GeCl3,5.90893404796262
FA_HA_SrI3,5.9106239979672
i-PA_IM_CaCl3,5.91306654019638
3-Py_GUA_BeCl3,5.91407502790772
NH4_TiZ_BeCl3,5.91738053404567
FM_FA_SrCl3,5.91905744126183
Cs_AA_MgBr3,5.91946545750993
DiEA_DiMA_CaI3,5.92082253371513
i-PA_Az_CaI3,5.92235900043961
NH4_IM_BeBr3,5.92308330005237
DiEA_EA_CaI3,5.92418348513068
DiEA_HY_BaI3,5.92736415834829
TriMA_Az_CaI3,5.92912095311875
AA_TiZ_BeCl3,5.92919223264807
FM_FA_BeBr3,5.93052099615507
EA_PhA_MgCl3,5.93063597711576
Cs_Az_BeI3,5.93122112936261
TriMA_IM_CaCl3,5.93529137117283
3-Py_MA_BeBr3,5.9359796013574
i-PA_i-BuA_GeCl3,5.93615489482644
HY_Py_MgCl3,5.93852814966662
3-Py_Cs_BaCl3,5.9419108246002
AA_Az_MgBr3,5.94198698461282
HY_Az_BeI3,5.94204989653733
EA_TetraMA_CaI3,5.94284178966132
3-Py_TriMA_MgCl3,5.94338666574614
PhA_i-BuA_BaCl3,5.94442378008887
HY_TiZ_SrCl3,5.94571102590716
TetraMA_i-BuA_CaCl3,5.94683734124511
i-BuA_TiZ_BeCl3,5.94800342772597
3-Py_DiMA_CaCl3,5.94818059417499
3-Py_EA_CaCl3,5.94818059417499
Cs_PhA_MgCl3,5.94893045906651
FM_DiEA_SrBr3,5.95095580690503
HA_Az_BaBr3,5.95171657943528
GUA_MA_BaBr3,5.95583753888798
NH4_Az_SrI3,5.95584299314318
FM_GUA_SrCl3,5.96183632202319
TetraMA_i-PA_BaI3,5.96821517754168
PhA_GUA_BeCl3,5.97050477363564
NH4_Az_BeI3,5.97058053376286
FA_GUA_CaBr3,5.97115969591265
3-Py_AA_BeCl3,5.97155057281518
IM_MA_BaCl3,5.97178756534733
NH4_GUA_BaCl3,5.97190178783934
DiEA_IM_SrBr3,5.9730163183501
HY_i-BuA_BeI3,5.97311648108166
DiEA_MA_CaI3,5.9782010146
FM_MA_SrCl3,5.97824814070228
AA_Az_SrBr3,5.98098891744408
3-Py_i-PA_MgCl3,5.9827541106439
FM_Az_BeCl3,5.9842239416297
DiEA_TiZ_SrCl3,5.98671389151799
3-Py_Cs_SrCl3,5.98775892916241
HA_MA_MgBr3,5.9885243312784
FA_TetraMA_BaI3,5.98926638814449
HA_TetraMA_BaI3,5.98934902004579
HA_NH4_ZnCl3,5.99062298411259
TriMA_GUA_BeBr3,5.99084816826597
DiMA_AA_CaI3,5.9921526248036
EA_AA_CaI3,5.9921526248036
FA_IM_SrCl3,5.99266286876651
TetraMA_AA_BaI3,5.99300511651541
HY_i-BuA_CaI3,5.99350779805109
IM_Az_BeCl3,5.99387938581382
TetraMA_MA_ZnCl3,5.99398520866909
HY_IM_BeBr3,5.99403435505875
TriMA_TetraMA_BaI3,5.99472188202977
i-PA_PhA_BeCl3,5.99519869409871
FA_TriMA_CaI3,5.99570370912465
i-BuA_Az_MgCl3,5.99679207213236
FA_i-PA_CaI3,5.99714896266862
HA_AA_BeI3,6.00016255027593
FA_IM_CaCl3,6.00048645135653
TriMA_GUA_BaBr3,6.00132651034342
HY_Az_MgBr3,6.00244295497582
HY_Az_BaI3,6.00260593929701
NH4_Py_BeCl3,6.00601988216387
TriMA_PhA_BeCl3,6.00678029592805
TetraMA_DiMA_CaI3,6.00837094128075
HA_Py_MgCl3,6.0086506320382
GUA_Az_CaBr3,6.00907531732373
DiEA_GUA_MgBr3,6.01089315702821
TetraMA_DiMA_BaI3,6.01566150356527
i-BuA_MA_BaI3,6.01637050872647
FM_Cs_BeBr3,6.01655836482994
DiEA_IM_CaBr3,6.01662283025322
DiMA_Py_BaCl3,6.01684851654048
EA_Py_BaCl3,6.01684851654048
3-Py_TetraMA_BeCl3,6.01853971300128
TriMA_i-PA_CaI3,6.02059621723577
i-PA_GUA_BaBr3,6.02062299121789
3-Py_TriMA_SrI3,6.02115515870302
DiEA_Py_MgCl3,6.02130790789045
EA_TetraMA_BaI3,6.02448481196254
FM_DiEA_CaBr3,6.02630453923341
Cs_AA_BaI3,6.02679270724004
i-BuA_Py_SrCl3,6.02757101167699
Cs_GUA_BeBr3,6.02901185310639
AA_Az_BaCl3,6.02927839821707
DiEA_i-BuA_BeBr3,6.03136468469407
AA_MA_BaI3,6.03209372437962
DiEA_TetraMA_SrI3,6.03308224935378
FM_i-BuA_CaBr3,6.03313657423878
HA_HY_CdCl3,6.03685725446389
FM_DiMA_BaCl3,6.03852759023217
3-Py_i-PA_SrI3,6.03934059334266
HA_GUA_BeI3,6.03990902196768
EA_i-BuA_ZnCl3,6.0419036670287
i-PA_GUA_BeBr3,6.04658006509402
DiEA_Az_MgCl3,6.04681059524116
3-Py_FM_MgCl3,6.05005533479419
FM_TriMA_SrCl3,6.05114865288849
FM_HY_SrCl3,6.05148017225452
FM_DiMA_MgCl3,6.0516938847199
FM_EA_MgCl3,6.0516938847199
HY_Az_BaBr3,6.05212834944007
GUA_i-BuA_BaI3,6.05343754435983
FM_i-PA_SrCl3,6.05371203341649
3-Py_MA_BaCl3,6.05511812435407
FM_AA_CaCl3,6.05672771592127
DiEA_HA_BaI3,6.05697734519835
TriMA_i-PA_BaI3,6.05812123976422
FM_i-BuA_BeBr3,6.05869903949453
FM_TriMA_BeBr3,6.0587824581333
HA_Py_BeCl3,6.06031180017354
Cs_IM_BeCl3,6.06041378664433
FM_Cs_MgCl3,6.06054550312298
GUA_IM_MgCl3,6.06073763111945
EA_FA_CaI3,6.06271682870918
AA_Py_BeCl3,6.06281656943964
Cs_GUA_SrI3,6.06729465590413
FA_TetraMA_CaI3,6.06739137324203
DiMA_i-BuA_ZnCl3,6.06775474111909
TriMA_AA_BaI3,6.07037382557422
3-Py_NH4_MgCl3,6.07107535609024
FM_HA_SrCl3,6.07166736019739
3-Py_FA_SrCl3,6.0722731293332
IM_i-BuA_SrBr3,6.07296791726977
FA_HA_BeI3,6.07310746962163
TetraMA_i-BuA_CaBr3,6.07333272731574
Cs_AA_SrI3,6.07344652855141
3-Py_NH4_BaCl3,6.07448444454479
NH4_DiMA_MgBr3,6.07490798506209
FM_AA_SrCl3,6.0754797141996
TetraMA_Az_BeI3,6.07904068474136
Cs_AA_BeI3,6.0808155495161
TetraMA_AA_MgBr3,6.08178918154
i-PA_AA_BaI3,6.08229465160461
TetraMA_DiMA_ZnCl3,6.08339861134685
HA_i-BuA_CaI3,6.08388564433998
DiMA_TiZ_BeCl3,6.08728622062289
EA_TiZ_BeCl3,6.08728622062289
FM_NH4_MgCl3,6.08763530354496
DiEA_TiZ_BeCl3,6.08791977427016
3-Py_HA_MgCl3,6.08900904726859
DiEA_FA_CaI3,6.08929342755905
NH4_IM_SrCl3,6.08970193768199
FM_EA_BaCl3,6.09118646861183
3-Py_DiEA_CaBr3,6.09348949052026
i-BuA_AA_CaI3,6.09438129655137
FM_HY_CaCl3,6.09460465888186
EA_TetraMA_ZnCl3,6.09572129901409
DiMA_TiZ_SrCl3,6.09599687877346
EA_TiZ_SrCl3,6.09599687877346
Cs_Az_MgBr3,6.09633439085118
3-Py_MA_CaCl3,6.09783988077298
FM_i-PA_BeBr3,6.09814990303106
DiEA_i-PA_GeCl3,6.0989640832264
DiEA_i-BuA_BeCl3,6.09905622625307
TetraMA_IM_CaBr3,6.09913016802378
Cs_IM_SrCl3,6.09927258557151
GUA_i-BuA_BeI3,6.09949655062269
TriMA_DiMA_ZnCl3,6.10096626211356
FA_GUA_BaBr3,6.10253095838033
TetraMA_i-BuA_BeBr3,6.10302934855307
HA_Cs_BaI3,6.10628737245158
i-PA_TiZ_SrCl3,6.10731644191574
i-BuA_Az_BeI3,6.10820068860965
HA_TiZ_CaCl3,6.10827660658321
FA_DiMA_CaI3,6.10867370375885
TetraMA_TiZ_BeCl3,6.10968074011334
TetraMA_MA_BaI3,6.11054303596639
FM_TetraMA_BeCl3,6.11109763395815
FA_Py_BeCl3,6.11115309628632
i-PA_Az_BaI3,6.11123765653648
HA_IM_SrCl3,6.11260974663807
3-Py_TriMA_BeCl3,6.11342933223343
TetraMA_PhA_MgCl3,6.11649282457825
IM_MA_MgCl3,6.11792877352319
3-Py_i-PA_BeCl3,6.11944466739567
3-Py_TetraMA_SrBr3,6.12068541119335
TriMA_TiZ_SrCl3,6.12122765188531
HY_Py_BeCl3,6.12653300440601
3-Py_i-BuA_BaBr3,6.12735936180779
DiEA_i-PA_MgCl3,6.12738889459834
FM_AA_BeCl3,6.12780413595076
HA_i-BuA_BeI3,6.12918076781264
TriMA_i-PA_ZnCl3,6.12918882290096
TriMA_Az_BaI3,6.12920552155101
DiEA_Py_SrCl3,6.13112644663859
HY_IM_MgCl3,6.13125752143205
EA_TriMA_ZnCl3,6.13241037575934
FA_IM_BeCl3,6.13253562494646
EA_i-PA_ZnCl3,6.13385562930331
i-PA_DiMA_ZnCl3,6.13514216482699
FA_Py_MgCl3,6.13550628550736
NH4_i-PA_MgBr3,6.1360433922659
AA_MA_MgBr3,6.13610701716554
NH4_Py_SrCl3,6.13842712081594
EA_TriMA_BaI3,6.1400870775757
DiMA_GUA_MgBr3,6.14073013764093
EA_GUA_MgBr3,6.14073013764093
DiEA_DiMA_GeCl3,6.14080083315733
DiEA_FA_MgBr3,6.141891665104
HA_Py_SrCl3,6.14195551253797
DiEA_EA_GeCl3,6.14222790343254
EA_PhA_SrCl3,6.14235654745031
3-Py_HY_MgCl3,6.14318840462188
EA_TriMA_CaI3,6.14615878575471
NH4_AA_BaI3,6.14705302906958
EA_i-PA_CaI3,6.14760403929868
TetraMA_MA_MgBr3,6.14774912251971
FA_MA_BaI3,6.14852038481597
Cs_Az_BaI3,6.15131865590112
TetraMA_Az_CaCl3,6.15159864738731
TriMA_DiMA_BaI3,6.15476950049544
DiMA_Az_MgBr3,6.15485957698084
EA_Az_MgBr3,6.15485957698084
FA_TetraMA_MgBr3,6.15509913074146
i-PA_DiMA_BaI3,6.15547391538491
HA_HY_ZnCl3,6.15570155322577
Cs_HY_BeI3,6.15676360142554
DiEA_i-PA_CaCl3,6.15688332483017
FA_PhA_SrCl3,6.15796836552303
DiEA_TriMA_CaCl3,6.15843469060526
EA_i-PA_BaI3,6.15845285491055
HA_Cs_BeI3,6.15900480668463
FA_TriMA_BaI3,6.15920140071618
HA_TetraMA_SrI3,6.15973096312444
3-Py_HA_CaCl3,6.15977264299618
DiEA_HY_BeI3,6.16243628040496
FA_Cs_BaBr3,6.1627486265924
TriMA_DiMA_CaI3,6.16275186105406
EA_FA_MgBr3,6.1650836960466
DiEA_MA_MgBr3,6.16579665441876
FA_DiMA_MgBr3,6.16598593518938
EA_GUA_BaI3,6.16640561312842
DiEA_GUA_CaI3,6.16715191337346
NH4_i-BuA_SrI3,6.16719793584628
FA_PhA_BeCl3,6.16738687709591
TetraMA_i-PA_BeI3,6.16765321984459
TriMA_i-BuA_BeI3,6.16891401661526
FA_i-PA_BaI3,6.16974926439852
i-PA_DiMA_CaI3,6.17020800221221
TriMA_GUA_MgBr3,6.17530218427171
DiMA_GUA_BaI3,6.17602926956171
3-Py_DiMA_BeCl3,6.1760323868376
FA_AA_MgCl3,6.1778846134689
FM_TriMA_CaCl3,6.17960065066746
Cs_AA_BeBr3,6.180568876423
DiEA_Az_BeI3,6.18082455268064
3-Py_EA_BeCl3,6.18160935864985
TriMA_TetraMA_BeI3,6.18510983816908
GUA_AA_BaCl3,6.18543687106707
TetraMA_GUA_BeI3,6.18723497326135
FA_GUA_SrBr3,6.18761751602516
DiMA_IM_BeCl3,6.18986940435053
EA_IM_BeCl3,6.18986940435053
i-PA_Py_BeCl3,6.18990229214515
FA_GUA_BeBr3,6.19273002486697
TetraMA_HY_BaI3,6.19280968324182
HY_TiZ_BeCl3,6.19337118944516
TriMA_Py_BeCl3,6.19466802320342
FM_i-PA_CaCl3,6.19608099187555
NH4_Az_BaI3,6.19673524992099
i-BuA_Az_CaBr3,6.19745468438381
i-PA_i-BuA_BeI3,6.19894302912487
DiEA_MA_MgCl3,6.19909619692649
3-Py_i-BuA_BeCl3,6.19919297324131
i-BuA_AA_BeI3,6.19955636404926
DiEA_AA_CaI3,6.20151202779385
Cs_GUA_BaBr3,6.20632689498767
HA_PhA_BeCl3,6.20904403515901
3-Py_DiEA_BaBr3,6.20962869191698
TetraMA_NH4_CaI3,6.21149609954673
TetraMA_IM_BaCl3,6.21228206629592
FM_HY_MgCl3,6.21677320560201
EA_FA_BaI3,6.21707592086564
AA_Az_CaBr3,6.21866612227897
TetraMA_AA_BeI3,6.21967232693239
i-BuA_MA_MgBr3,6.22048661227006
NH4_PhA_BeCl3,6.22220273405132
FA_i-BuA_BeI3,6.22358713160662
FM_Cs_BeCl3,6.22401363474818
FM_FA_CaCl3,6.22465492184327
FA_DiMA_BaI3,6.22691248626596
AA_Py_MgCl3,6.22818493770191
GUA_AA_MgCl3,6.22838332370992
GUA_IM_BeCl3,6.23311409936567
DiEA_HY_CaI3,6.23348252967987
DiEA_HA_BeI3,6.23360315313686
TriMA_AA_CaI3,6.23604708255407
3-Py_Cs_CaCl3,6.23609679522771
TetraMA_GUA_BeBr3,6.23777296613208
GUA_TiZ_SrCl3,6.23779454522714
HY_Py_SrCl3,6.23834843108474
3-Py_MA_SrCl3,6.23885557404177
FA_Az_BaCl3,6.23947382357951
TetraMA_Az_BeBr3,6.2397120809001
FA_i-BuA_MgBr3,6.24009395843418
AA_Py_SrCl3,6.24093563479879
EA_TriMA_MgBr3,6.24124203625298
EA_i-PA_MgBr3,6.24268728979696
HA_TetraMA_BeI3,6.24309486145259
FM_HA_BeCl3,6.24389850646225
FA_GUA_BaCl3,6.2443633499578
i-PA_GUA_MgBr3,6.24443882289065
i-PA_IM_BeCl3,6.24610071301949
i-PA_AA_CaI3,6.2463248424993
HY_PhA_BeCl3,6.24648113028434
HA_IM_MgCl3,6.24728593033674
DiMA_Az_CaI3,6.24764319991398
EA_Az_CaI3,6.24764319991398
TetraMA_GUA_CaI3,6.24773482595594
TetraMA_AA_CaI3,6.2494389327475
TetraMA_DiMA_BeI3,6.24995087162943
DiEA_TriMA_MgCl3,6.25018932223512
3-Py_DiEA_BeCl3,6.2502043349843
TriMA_IM_BeCl3,6.25086644407776
EA_i-BuA_BeI3,6.25241552172143
FA_i-BuA_BaI3,6.25370818150722
3-Py_AA_SrCl3,6.25371285008759
Py_MA_BeCl3,6.25639212508393
3-Py_TriMA_SrBr3,6.25710005880113
EA_TetraMA_BeI3,6.25718544014638
NH4_i-BuA_BaI3,6.25728571599025
TetraMA_i-BuA_BeCl3,6.25900400591518
IM_Az_MgCl3,6.25935409608558
GUA_i-BuA_MgBr3,6.26035532268198
DiMA_i-BuA_BeI3,6.26076937986375
DiEA_i-PA_BeI3,6.26220655413051
NH4_i-BuA_MgBr3,6.2629461520971
Az_TiZ_SrCl3,6.26338821087547
3-Py_DiMA_MgCl3,6.26384791495717
3-Py_EA_MgCl3,6.26384791495717
FA_MA_MgBr3,6.26390393758983
HY_PhA_SrCl3,6.26633535334601
TriMA_i-PA_BeI3,6.26776435791117
FA_HA_BaCl3,6.26782302908969
FA_TriMA_MgBr3,6.27118551770362
FA_i-PA_MgBr3,6.2726307712476
3-Py_i-PA_SrBr3,6.2727471454913
IM_i-BuA_CaBr3,6.27457087826925
3-Py_i-BuA_SrBr3,6.27537847078098
MA_TiZ_BeCl3,6.27539100437114
DiEA_GUA_BeI3,6.27937172708192
DiEA_i-PA_CaBr3,6.27997020460745
i-BuA_Az_BaI3,6.2810381849374
GUA_Py_BeCl3,6.28109268860902
IM_AA_BeCl3,6.28118971505088
DiEA_TriMA_CaBr3,6.28152157038254
HA_Py_CaCl3,6.28340327302867
MA_TiZ_SrCl3,6.28519786508366
DiEA_MA_BeI3,6.28766734420693
Cs_i-PA_BeI3,6.29005767618017
FM_NH4_SrCl3,6.29048040476115
NH4_HY_BeI3,6.29079542143882
Cs_DiMA_MgBr3,6.29092541655056
DiEA_i-BuA_SrCl3,6.29104552618414
NH4_AA_BeI3,6.29215393013185
DiEA_Az_CaBr3,6.29316551718775
DiEA_FA_MgCl3,6.29411572943564
NH4_i-BuA_BeI3,6.2943831063253
3-Py_Cs_BeCl3,6.29627381701794
GUA_IM_CaCl3,6.29724763401379
FA_Cs_BeBr3,6.29772600565732
DiEA_IM_BaCl3,6.29954481063795
i-PA_i-BuA_BaI3,6.30028336374399
FM_i-BuA_BeCl3,6.30099506486853
DiEA_DiMA_MgCl3,6.30176513209141
MA_TiZ_CaCl3,6.30215103815446
HA_TriMA_BaI3,6.30288636116348
3-Py_DiEA_SrBr3,6.3049062781578
DiEA_EA_MgCl3,6.30512608350696
HY_PhA_MgCl3,6.30550438835179
FM_GUA_BeCl3,6.30560175579324
DiEA_IM_CaCl3,6.30607027858589
TriMA_DiMA_MgBr3,6.30676501604721
TriMA_Az_BeI3,6.31165056049765
IM_Az_SrCl3,6.31182885177653
TetraMA_HY_BeI3,6.3143302974538
DiEA_i-BuA_MgCl3,6.31899917430856
HA_DiMA_MgBr3,6.31905574558898
i-BuA_Py_MgCl3,6.31915248412291
HY_i-BuA_SrI3,6.3199720388896
i-PA_DiMA_MgBr3,6.32027700848201
HA_TriMA_MgBr3,6.32059791657396
Cs_NH4_BeI3,6.32197797537418
HA_i-PA_MgBr3,6.32270632887419
HA_i-PA_BaI3,6.3250933772176
i-PA_Az_BeI3,6.32697256807322
DiEA_HA_CaI3,6.32745867798411
DiEA_DiMA_BeI3,6.32890985439105
TriMA_i-BuA_BaI3,6.33193349399046
TetraMA_Az_MgCl3,6.3319827845611
FA_HY_BaCl3,6.33459596747221
EA_HA_BaI3,6.33671507430467
i-BuA_MA_BeI3,6.33754241596788
FA_TriMA_BeI3,6.34211475943746
3-Py_Az_SrCl3,6.34811479059637
IM_MA_BeCl3,6.352649525791
DiMA_AA_MgBr3,6.35329239789185
EA_AA_MgBr3,6.35329239789185
DiMA_Py_BeCl3,6.35413619349152
EA_Py_BeCl3,6.35413619349152
DiEA_TriMA_BeI3,6.35779732062883
DiEA_AA_BeI3,6.35863053930659
FA_i-PA_BeI3,6.36286985392021
Az_MA_MgBr3,6.36338287725561
FM_NH4_BeCl3,6.36338295766123
TriMA_NH4_BeI3,6.3642469780991
TetraMA_MA_BeI3,6.36953462341847
FA_Cs_SrBr3,6.3720988221804
GUA_i-BuA_SrI3,6.37415642345804
FA_TriMA_SrI3,6.37460648904396
HY_AA_CaBr3,6.37584386389647
FA_i-PA_SrI3,6.37605174258794
EA_NH4_MgBr3,6.37629821603584
FA_Az_MgCl3,6.380300910101
DiMA_AA_BaI3,6.38158592068408
EA_AA_BaI3,6.38158592068408
FA_TetraMA_BeBr3,6.38195684424151
TriMA_AA_MgBr3,6.38316764730446
HY_i-BuA_MgBr3,6.38331941336227
DiEA_HY_MgBr3,6.38412203847621
FM_TetraMA_MgCl3,6.38862955021599
HA_DiMA_BaI3,6.38938753852651
Py_MA_SrCl3,6.38952616204236
TetraMA_i-PA_CaCl3,6.38953031241894
HY_IM_BaCl3,6.39055109105519
DiEA_EA_BeI3,6.39169945653534
FM_TetraMA_CaCl3,6.39355467298128
IM_i-BuA_BaCl3,6.39508185442895
TetraMA_GUA_MgBr3,6.39616275717871
EA_DiMA_CaI3,6.39751953220051
HA_TetraMA_MgBr3,6.40101974905619
Cs_i-BuA_CaI3,6.40270046515782
DiMA_i-BuA_BaI3,6.4027530052876
EA_i-BuA_BaI3,6.4027530052876
TetraMA_Az_CaBr3,6.40413818199867
FA_Py_SrCl3,6.40631988320415
FM_TriMA_MgCl3,6.40739616544776
AA_MA_BeI3,6.40749972200272
Cs_MA_BeI3,6.40803670822185
FA_AA_BaCl3,6.41109472391676
3-Py_AA_MgCl3,6.41119104046245
i-PA_AA_MgBr3,6.41325835905663
DiEA_Az_BaI3,6.41534118239188
3-Py_HA_BeCl3,6.41613190820983
DiEA_TriMA_BaI3,6.4161670531695
3-Py_NH4_CaCl3,6.41623006529117
HA_GUA_BaCl3,6.41778325262591
TetraMA_NH4_BeI3,6.41805841044704
DiEA_GUA_BaI3,6.41924370079497
FM_FA_BeCl3,6.41928044432985
HA_HY_BeI3,6.41932493385903
TriMA_TetraMA_CaCl3,6.42011996211643
i-BuA_AA_BaI3,6.42031523027178
Cs_GUA_SrBr3,6.42034424272059
i-PA_i-BuA_SrI3,6.42120215763876
FM_MA_BeBr3,6.42364454381437
3-Py_MA_MgCl3,6.42372399875224
3-Py_HA_SrCl3,6.42400649800486
TetraMA_i-PA_CaBr3,6.42633910450415
NH4_GUA_SrCl3,6.42952557373748
TetraMA_NH4_MgBr3,6.43024363662206
EA_DiMA_MgBr3,6.43131179433137
HA_DiMA_SrI3,6.43686162013568
TetraMA_TiZ_SrCl3,6.4379283746135
TetraMA_IM_CaCl3,6.43915232325394
FA_TetraMA_BeI3,6.4401953874754
DiEA_FA_BeI3,6.44253450527902
DiEA_NH4_MgBr3,6.44314788552808
DiEA_TetraMA_SrBr3,6.44514998079456
FA_DiMA_BeI3,6.4453326075628
HY_DiMA_MgBr3,6.44649824643363
DiEA_i-PA_BaI3,6.4476365154014
3-Py_GUA_MgCl3,6.44776054171809
EA_AA_SrI3,6.44796812299888
Az_MA_BaI3,6.4492829526156
FA_NH4_SrBr3,6.44950834290248
HY_Py_CaCl3,6.44986277281725
DiMA_AA_BeI3,6.45042695846949
EA_AA_BeI3,6.45042695846949
FM_DiEA_MgCl3,6.4510784952165
TriMA_i-BuA_SrI3,6.45285228788523
i-BuA_MA_MgCl3,6.45304967895425
DiEA_IM_BeCl3,6.45406404887063
DiMA_MA_MgBr3,6.45410932376519
EA_MA_MgBr3,6.45410932376519
TetraMA_NH4_BaI3,6.45436595801104
DiEA_TetraMA_MgCl3,6.45488901112625
HA_i-BuA_SrI3,6.45492718287975
TriMA_NH4_MgBr3,6.45775048861294
TriMA_TetraMA_CaBr3,6.45880599299672
i-PA_i-BuA_CaBr3,6.46062767087091
TetraMA_Py_SrCl3,6.46136526204633
i-PA_GUA_SrBr3,6.4622695257351
TetraMA_HY_MgBr3,6.46261465924209
3-Py_MA_BeCl3,6.46367258419373
TriMA_MA_MgBr3,6.46474258701246
TriMA_GUA_SrBr3,6.46868828245049
TriMA_NH4_BaI3,6.4690724750581
Cs_AA_BaBr3,6.46949825898733
FA_TriMA_BeBr3,6.47082989527312
AA_Az_BeCl3,6.47191648717113
GUA_Az_MgCl3,6.47222383605522
i-BuA_Az_SrI3,6.4724060750648
DiEA_HY_SrI3,6.47292300575774
FA_DiMA_BeBr3,6.47452703292374
DiEA_FA_BaI3,6.47494716212455
GUA_Py_MgCl3,6.47623150394666
FM_DiEA_BeCl3,6.47854177813146
EA_FA_BeI3,6.47912450812542
TriMA_AA_BeI3,6.48239551595808
TetraMA_NH4_SrI3,6.48353173566145
TriMA_Cs_BaI3,6.48475345302758
i-PA_AA_BeI3,6.48515164520905
EA_FA_BeBr3,6.4853774790682
TriMA_PhA_MgCl3,6.4868096662735
IM_AA_MgCl3,6.48692385974787
HA_Az_SrBr3,6.48889420639262
EA_HA_MgBr3,6.48932447636703
Cs_HY_BaI3,6.4895399759578
FA_HA_BeBr3,6.49045166233455
FA_MA_BeI3,6.49160010918933
TriMA_i-BuA_CaBr3,6.4919806876185
DiEA_AA_BaI3,6.49238882675521
DiEA_HA_MgBr3,6.4924994217093
i-BuA_Az_BeBr3,6.49427686601758
TetraMA_IM_BeCl3,6.49534736963939
i-PA_MA_MgBr3,6.49654791903294
i-PA_i-BuA_CaCl3,6.49677301694685
FM_i-PA_MgCl3,6.49827594309545
HA_Cs_BaCl3,6.49861387294526
HA_Cs_SrI3,6.49929904667682
HY_AA_BaBr3,6.50047033375577
FM_HY_BeCl3,6.50306466188314
FA_i-BuA_SrI3,6.50317922081915
NH4_GUA_BeBr3,6.5050259967465
DiEA_MA_BaI3,6.50821054055933
i-PA_PhA_MgCl3,6.51027204872127
TriMA_Cs_BeI3,6.51140793591048
NH4_DiMA_BeI3,6.51204162839024
FM_DiEA_CaCl3,6.5124515577195
TetraMA_MA_BaBr3,6.51392231627016
DiEA_DiMA_BaI3,6.51504521380507
DiEA_EA_BaI3,6.51504521380507
HA_AA_BaBr3,6.51680878447609
HA_MA_BaI3,6.51965351344395
HY_GUA_BaCl3,6.52031655282567
TriMA_HY_MgBr3,6.52130849732226
TetraMA_i-PA_BeBr3,6.52292350745215
3-Py_HY_BeCl3,6.52472395073428
DiMA_GUA_BeI3,6.52691663210925
EA_GUA_BeI3,6.52813137280088
FM_i-BuA_MgCl3,6.52944480610213
HY_TiZ_CaCl3,6.52963447412547
Cs_i-PA_BaI3,6.53260272151026
FA_i-PA_BeBr3,6.53824784407531
DiMA_GUA_BeBr3,6.53970461922266
i-PA_PhA_SrCl3,6.54146040249996
EA_GUA_BeBr3,6.54276254902507
FM_TriMA_BeCl3,6.54314391192435
GUA_Az_BaCl3,6.54440243939764
DiEA_Az_SrI3,6.54447967154823
GUA_AA_BeCl3,6.54565187521939
TetraMA_MA_SrBr3,6.5473315597
Cs_i-PA_MgBr3,6.54745187665618
TriMA_i-BuA_CaCl3,6.54775693564895
Cs_NH4_BaI3,6.54995487176286
DiEA_Cs_CaI3,6.55032819047535
TetraMA_i-BuA_SrBr3,6.55094229250853
HY_i-BuA_BeBr3,6.55200075168904
i-PA_HY_MgBr3,6.55311382934273
TriMA_DiMA_BeI3,6.55341946880466
DiEA_NH4_CaI3,6.55443144381523
DiMA_i-BuA_SrI3,6.55535347199137
EA_i-BuA_SrI3,6.55535347199137
TriMA_PhA_SrCl3,6.5578203477515
TriMA_TetraMA_BeBr3,6.55903153042658
HA_TriMA_CaI3,6.56286578514099
EA_TriMA_BeI3,6.5636287211279
3-Py_Az_MgCl3,6.56401081553995
HA_i-PA_CaI3,6.56431103868496
i-BuA_MA_SrI3,6.5645964539859
HA_GUA_BeBr3,6.56520938759781
DiEA_HY_MgCl3,6.56819686974212
FM_i-BuA_CaCl3,6.56868799647549
FA_GUA_MgCl3,6.56965220869904
HA_TriMA_SrI3,6.57214999818609
TriMA_MA_CaI3,6.57264759975929
TriMA_i-BuA_MgCl3,6.57414794391879
DiEA_TriMA_SrI3,6.57436105418241
HA_i-BuA_MgBr3,6.57544412955648
DiEA_i-PA_SrI3,6.57580630772638
TriMA_Py_MgCl3,6.57645202565715
HY_IM_SrCl3,6.57746276175549
HA_NH4_BaI3,6.57983181696842
i-PA_DiMA_BeI3,6.58094360634861
FM_i-PA_BeCl3,6.58251135682211
HA_PhA_SrCl3,6.58381279593199
TriMA_HY_CaI3,6.58389498657448
i-BuA_AA_BeBr3,6.58547552849373
DiEA_HA_SrI3,6.58551927585337
NH4_HY_SrI3,6.58769599013724
GUA_MA_SrBr3,6.58919002625
3-Py_HY_SrCl3,6.58978083921131
i-BuA_MA_BeBr3,6.59256602813048
i-PA_MA_CaI3,6.59568330586392
FA_HY_SrBr3,6.5977301869312
i-PA_Py_MgCl3,6.5981104952336
NH4_i-PA_BaI3,6.60047059403157
3-Py_HY_CaCl3,6.60194731714931
TetraMA_Cs_BaI3,6.60206269612407
HA_NH4_BeBr3,6.60232360019977
i-BuA_Az_BeCl3,6.60437226875377
FA_TetraMA_BaCl3,6.60716080143192
3-Py_i-BuA_BaCl3,6.60783961406952
3-Py_DiEA_BaCl3,6.60852634057712
HA_Cs_BaBr3,6.61036926320796
AA_MA_BaBr3,6.61051300876538
HA_TetraMA_SrBr3,6.61169092949462
GUA_Az_CaCl3,6.61296291913052
EA_NH4_BeI3,6.61482204020948
DiEA_Az_BeBr3,6.6149571337492
TetraMA_i-PA_MgCl3,6.61504083925847
DiEA_NH4_MgCl3,6.61525460460641
GUA_i-BuA_BeBr3,6.61586023091625
FM_MA_MgCl3,6.61707103519032
TetraMA_PhA_SrCl3,6.61843310821348
i-BuA_MA_BaBr3,6.61852761000351
HY_Az_BeBr3,6.62162378677048
DiMA_MA_BaI3,6.62285847714614
EA_MA_BaI3,6.62285847714614
NH4_IM_CaCl3,6.62511770828927
DiEA_TetraMA_SrCl3,6.62566732704147
i-PA_HY_BaI3,6.62837777712075
TetraMA_GUA_BaBr3,6.62847632871047
DiEA_FA_SrI3,6.62847851171374
DiEA_GUA_BeBr3,6.62919055347143
TriMA_HY_BaI3,6.63052050023192
TetraMA_Py_MgCl3,6.63135357199321
TetraMA_AA_BeBr3,6.6332009185681
DiEA_MA_SrI3,6.63667005046933
TriMA_i-PA_BeBr3,6.63919958845388
HA_MA_BeI3,6.64120316615335
FA_HA_SrBr3,6.64120943358895
HA_Cs_BeBr3,6.64191989657461
TriMA_TetraMA_MgCl3,6.64298963934778
DiEA_TriMA_BeBr3,6.64311022096103
FM_DiMA_BeBr3,6.64383004784598
TetraMA_MA_BeBr3,6.64404549989145
TetraMA_Az_BaBr3,6.64693037466847
DiEA_TetraMA_BaBr3,6.64786937395657
DiEA_i-PA_BeBr3,6.64809239362054
FM_EA_BeBr3,6.64921560020088
FA_HY_BeBr3,6.65515740250809
NH4_HY_BaI3,6.65576290650137
FA_AA_CaCl3,6.65586277552049
TriMA_IM_MgCl3,6.65616506277033
DiEA_HY_BeBr3,6.65771328181447
HY_IM_BeCl3,6.66029508593685
DiMA_Py_SrCl3,6.66030226162941
EA_Py_SrCl3,6.66030226162941
Cs_AA_SrBr3,6.66101263973706
DiEA_GUA_SrI3,6.66137143716212
i-PA_HY_CaI3,6.66165913681945
3-Py_Cs_MgCl3,6.66220967115875
Az_MA_BeI3,6.66674639525676
FM_DiMA_SrCl3,6.66697715615057
TriMA_GUA_CaBr3,6.66718124119998
TetraMA_HY_BaBr3,6.66745075396809
TriMA_TetraMA_SrI3,6.67245955766397
FM_EA_SrCl3,6.67284854175508
EA_HY_BaI3,6.672850339444
TetraMA_i-PA_SrI3,6.67411591515934
TetraMA_Az_BeCl3,6.67860121220287
HY_MA_SrI3,6.67950548425582
DiMA_IM_SrCl3,6.68004384663997
EA_IM_SrCl3,6.68004384663997
TetraMA_DiMA_BeBr3,6.68114965417784
DiEA_IM_MgCl3,6.68198034688444
EA_Cs_BeI3,6.68214635795674
3-Py_TetraMA_MgCl3,6.68275515703945
NH4_MA_BeI3,6.68310131602546
3-Py_DiEA_MgCl3,6.68395922270583
FA_TetraMA_BaBr3,6.68756293028377
DiEA_MA_BeBr3,6.68883744209979
DiMA_GUA_BaBr3,6.69030931812007
NH4_AA_SrBr3,6.69072613000158
i-BuA_AA_SrI3,6.69151133835337
EA_TetraMA_BeBr3,6.69306241531056
TetraMA_NH4_BaBr3,6.6965255677572
EA_HY_MgBr3,6.69701706541551
HY_GUA_BeBr3,6.69760104781897
HY_DiMA_BaI3,6.69788312264171
HA_Az_MgCl3,6.70666433529001
FA_TetraMA_SrI3,6.71085776678578
i-PA_GUA_CaBr3,6.71092561397325
DiEA_DiMA_SrI3,6.71228810539221
DiEA_EA_SrI3,6.71228810539221
DiEA_AA_BeBr3,6.71861216105958
FM_DiMA_CaCl3,6.7189546230762
FM_EA_CaCl3,6.7189546230762
DiEA_IM_SrCl3,6.71942731294647
HA_IM_BaCl3,6.7250686640702
DiMA_Az_BeI3,6.72586162989323
TetraMA_GUA_BaCl3,6.72726321464612
AA_Az_MgCl3,6.72908012489884
EA_Az_BeI3,6.73040264213966
EA_Az_BeBr3,6.73135360398215
DiMA_Az_BeBr3,6.73227250415722
IM_i-BuA_CaCl3,6.73447676324015
i-PA_Py_SrCl3,6.73556054201823
TriMA_Az_BeBr3,6.73611109928156
IM_i-BuA_BeCl3,6.73627765148103
i-PA_IM_SrCl3,6.74001953563772
HA_IM_BeCl3,6.74212562471358
AA_MA_SrBr3,6.74215702550075
Cs_HY_BeBr3,6.74250275882763
DiEA_NH4_BaI3,6.74352505339674
EA_NH4_SrI3,6.74363664243744
EA_NH4_BaI3,6.74365596819488
HY_DiMA_BeI3,6.74405372785982
FA_MA_BaBr3,6.74406697283469
DiMA_MA_BeI3,6.74507746943977
EA_MA_BeI3,6.74507746943977
TriMA_MA_BaI3,6.74542163741497
i-PA_i-BuA_MgCl3,6.74615039869179
i-PA_Az_BeBr3,6.74621400450934
i-PA_MA_BaI3,6.74649455012112
NH4_AA_BaBr3,6.74828068950526
FA_Cs_MgCl3,6.75102492722796
TriMA_IM_SrCl3,6.75393074560728
NH4_Az_BaBr3,6.75726254777341
FM_MA_CaCl3,6.7592516580034
i-PA_Az_CaBr3,6.76047710669425
i-BuA_MA_CaCl3,6.76061641145758
DiMA_MA_SrI3,6.76075422519828
HA_HY_BaI3,6.76091834898242
DiEA_TetraMA_BaCl3,6.76132033961896
TriMA_MA_BeI3,6.76132625366716
EA_FA_BaBr3,6.76152831197365
DiEA_AA_SrI3,6.7635849348368
AA_MA_BeBr3,6.76443747484571
Cs_GUA_MgCl3,6.76486539471378
DiMA_i-BuA_MgCl3,6.7677954549946
DiEA_DiMA_BeBr3,6.76974624401314
TriMA_i-PA_SrI3,6.77021507859314
Cs_i-BuA_SrI3,6.77070581618163
Cs_MA_BaI3,6.77128603335766
DiEA_EA_BeBr3,6.77187235307111
HA_AA_CaBr3,6.77213517195932
DiMA_GUA_SrBr3,6.77268900280018
TriMA_HY_BeI3,6.77288046901026
FM_i-BuA_SrCl3,6.77322368850034
TetraMA_i-BuA_BaBr3,6.77374391564398
FA_DiMA_BaBr3,6.77413909076188
TriMA_AA_SrI3,6.77504286070366
EA_Az_BaI3,6.77680932140982
HA_TriMA_BeI3,6.7784917760484
DiMA_Az_BaI3,6.77893862084828
EA_MA_SrI3,6.78108382382484
DiEA_FA_BeBr3,6.78139855465198
DiEA_GUA_BaBr3,6.78182391693252
EA_i-BuA_MgCl3,6.78261746243274
i-PA_AA_SrI3,6.7829634129576
i-PA_MA_BeI3,6.78421656436872
EA_GUA_SrBr3,6.78470588799509
TriMA_AA_BeBr3,6.78558946206899
FA_NH4_BeBr3,6.78834683622181
TriMA_Az_CaBr3,6.78967850165875
HA_i-PA_BeI3,6.79084167300046
3-Py_TetraMA_SrCl3,6.79145457985241
i-PA_GUA_BaCl3,6.79425968453953
HY_MA_BaI3,6.79562561419492
DiEA_HA_MgCl3,6.79751935246945
EA_DiMA_BaI3,6.79844686446072
FA_NH4_BaBr3,6.80141664604772
TriMA_GUA_BaCl3,6.8016532435207
DiEA_i-BuA_BaCl3,6.80491287416268
3-Py_i-BuA_MgCl3,6.80572024793094
DiEA_Az_BeCl3,6.80712033114175
TriMA_Cs_MgBr3,6.80728512861768
HA_HY_BeBr3,6.80782974154351
DiEA_i-BuA_BaBr3,6.80826489462998
Cs_DiMA_SrI3,6.80884364763944
TriMA_HY_SrI3,6.81033273674289
FA_DiMA_SrBr3,6.8122672894569
EA_HY_SrI3,6.81260487309885
TriMA_DiMA_BeBr3,6.81429984725255
TetraMA_DiMA_BaBr3,6.81525036007824
Cs_GUA_BaCl3,6.81665471192141
EA_TriMA_BeBr3,6.817291945854
TetraMA_Cs_BeI3,6.8212007924594
AA_Az_CaCl3,6.82208052952512
i-PA_DiMA_SrI3,6.82249109590373
DiEA_NH4_SrI3,6.8240251092717
EA_i-PA_BeBr3,6.82450014025855
FA_i-BuA_BeBr3,6.82568306491342
TriMA_i-BuA_BeBr3,6.82572088603096
TetraMA_HY_SrBr3,6.82621881415296
DiMA_GUA_CaBr3,6.82793023682901
EA_GUA_CaBr3,6.82793023682901
TriMA_Az_MgCl3,6.82859431418188
DiMA_AA_BeBr3,6.82867575161082
EA_AA_BeBr3,6.82867575161082
TetraMA_AA_SrI3,6.83086372742608
NH4_Az_SrBr3,6.8328713151401
DiEA_NH4_BeI3,6.83317979620597
i-BuA_Az_SrBr3,6.8342052252157
HA_Az_BeBr3,6.8347938553944
TriMA_DiMA_SrI3,6.8373531818989
DiEA_FA_BaBr3,6.83914869991946
i-PA_Az_MgCl3,6.83989602334317
TetraMA_HY_BeBr3,6.84042627829901
Cs_HY_BaBr3,6.84064663415829
i-BuA_MA_CaBr3,6.84207086268578
FA_TriMA_CaBr3,6.84292091196585
i-PA_DiMA_BeBr3,6.84349192690154
EA_FA_SrBr3,6.84401610352585
FA_i-PA_CaBr3,6.84436616550983
HY_i-BuA_BaBr3,6.84467511480151
i-PA_Az_BaBr3,6.84506245496035
i-BuA_AA_CaBr3,6.84694588318104
i-PA_HY_BeI3,6.84873961409554
FM_Cs_CaCl3,6.84898861792462
EA_TriMA_SrI3,6.85003022698299
EA_i-PA_SrI3,6.85147548052696
FA_Az_BeCl3,6.85329673350271
DiEA_Cs_BaI3,6.85350847053444
FA_AA_BeCl3,6.8535456195132
EA_TetraMA_MgCl3,6.86286335857508
FA_Cs_CaBr3,6.86348631964368
FA_AA_SrCl3,6.8678531280294
TetraMA_i-BuA_MgCl3,6.86798062235399
GUA_AA_SrCl3,6.86955671612518
NH4_HY_MgCl3,6.86993669430401
NH4_MA_BaI3,6.87011050214395
Cs_i-BuA_BaI3,6.87064124004921
FM_DiEA_SrCl3,6.87094368949882
EA_DiMA_BeI3,6.87159813840798
GUA_Py_SrCl3,6.87210773693029
TriMA_Az_BaBr3,6.87744831418907
DiEA_MA_CaBr3,6.87878101605262
GUA_i-BuA_BaBr3,6.87928800724073
Cs_HY_BaCl3,6.88050987489469
i-BuA_AA_SrBr3,6.88506915632808
3-Py_DiMA_SrCl3,6.88617386106576
3-Py_EA_SrCl3,6.88617386106576
HY_AA_MgCl3,6.88842461992518
FA_TriMA_MgCl3,6.89298740360575
TetraMA_i-BuA_BaCl3,6.89307750539287
FA_i-PA_MgCl3,6.89443265714972
NH4_DiMA_SrI3,6.8956252751387
3-Py_TriMA_SrCl3,6.8986027173685
DiEA_GUA_MgCl3,6.90374466381694
i-BuA_AA_MgCl3,6.90499706688648
TriMA_i-PA_MgCl3,6.90547381771884
Cs_NH4_BaCl3,6.90792256575646
i-BuA_Az_SrCl3,6.90927842514214
DiEA_TriMA_BeCl3,6.90960774780847
NH4_DiMA_BaI3,6.91056005184245
i-PA_AA_BaBr3,6.91109918321484
DiMA_i-BuA_BeBr3,6.9140178372635
EA_i-BuA_BeBr3,6.9140178372635
DiEA_i-PA_BeCl3,6.91458992046798
TetraMA_NH4_SrBr3,6.91509299685985
FA_NH4_SrCl3,6.91630834156104
DiEA_DiMA_CaBr3,6.91670494861171
DiEA_EA_CaBr3,6.91670494861171
Cs_Az_BeBr3,6.91822668053353
HA_AA_BeBr3,6.91838864708771
DiEA_AA_MgCl3,6.92215658539455
FA_Az_CaCl3,6.92503982160742
FM_MA_BeCl3,6.92528178867984
DiEA_MA_CaCl3,6.92553399351901
GUA_AA_CaCl3,6.92570779458136
Cs_i-BuA_MgBr3,6.92853734448581
HY_GUA_MgCl3,6.92858599745184
TetraMA_DiMA_MgCl3,6.92884692570097
FA_GUA_BeCl3,6.92969050653042
NH4_i-BuA_BeBr3,6.93032461741095
EA_Cs_BaI3,6.93145478791425
TriMA_AA_BaBr3,6.93176679085666
3-Py_i-PA_SrCl3,6.93304210316978
i-BuA_MA_SrBr3,6.93546892541762
HA_Cs_BeCl3,6.93634502444439
TetraMA_MA_BaCl3,6.93821971746678
TetraMA_MA_CaBr3,6.94007429820328
FA_GUA_CaCl3,6.94146591677112
DiEA_AA_CaBr3,6.94331754572039
DiMA_AA_CaBr3,6.94391821152288
EA_AA_CaBr3,6.94391821152288
HA_GUA_SrBr3,6.94471349006061
TetraMA_i-PA_BeCl3,6.94800127925701
Cs_NH4_BeBr3,6.95130679897176
DiMA_Az_MgCl3,6.95219745684717
EA_Az_MgCl3,6.95219745684717
Cs_DiMA_BaI3,6.95352963649858
Cs_i-BuA_BeI3,6.9551645726845
TetraMA_MA_BeCl3,6.95706895649787
DiEA_Az_SrBr3,6.95876347032673
HY_MA_BeI3,6.96197628919675
FA_i-BuA_BaBr3,6.96400272687084
EA_TetraMA_CaBr3,6.96515979827442
FA_GUA_SrCl3,6.97041416371349
IM_i-BuA_MgCl3,6.97369992708328
DiEA_DiMA_CaCl3,6.97538900610789
DiEA_EA_CaCl3,6.97538900610789
DiEA_Cs_SrI3,6.97663045105416
TriMA_TetraMA_BeCl3,6.97675982817774
EA_AA_BaBr3,6.97870156019618
NH4_Az_BeBr3,6.97961215830889
NH4_i-BuA_BaBr3,6.98278328520759
FA_i-PA_BaBr3,6.9842923585816
i-BuA_AA_BaBr3,6.98536622795908
i-PA_Az_CaCl3,6.98561973199915
TriMA_i-PA_CaBr3,6.9866880979781
NH4_HY_BeBr3,6.98764360541179
EA_TriMA_MgCl3,6.98765742419409
FA_TriMA_SrBr3,6.98907142537582
EA_i-PA_MgCl3,6.98910267773807
FA_i-PA_SrBr3,6.99051667891979
DiEA_HA_BeBr3,6.99124703069963
HY_i-BuA_MgCl3,6.99311348992148
HA_i-BuA_BeBr3,6.99394610909305
FA_Cs_BaCl3,6.99427414973631
TetraMA_Az_SrBr3,6.99543961645124
DiMA_AA_MgCl3,6.99929020008316
EA_AA_MgCl3,6.99929020008316
DiMA_AA_BaBr3,7.0002558871757
GUA_Az_BeCl3,7.00047216782343
EA_GUA_BaBr3,7.00095357604511
DiMA_AA_SrBr3,7.00287456740681
i-PA_GUA_BeCl3,7.00506352537853
TetraMA_NH4_BeBr3,7.00525422680237
FA_HA_MgCl3,7.00855616164586
TriMA_GUA_BeCl3,7.00905016401364
TetraMA_Cs_MgBr3,7.00930018747146
FA_TriMA_BaBr3,7.01408554744424
GUA_MA_MgCl3,7.01565527659373
Cs_DiMA_BeBr3,7.01570097089673
3-Py_i-BuA_SrCl3,7.01575401602086
DiEA_GUA_CaBr3,7.0196231770553
DiEA_HY_SrBr3,7.02052234452982
TriMA_Az_CaCl3,7.02153448779465
EA_HY_BeI3,7.02164752245468
DiEA_FA_CaBr3,7.02353539948382
DiEA_AA_SrBr3,7.02411664941475
TetraMA_AA_SrBr3,7.02442154540079
TriMA_Cs_SrI3,7.02452730816082
EA_AA_SrBr3,7.02826544956614
i-BuA_Az_BaBr3,7.02962131556841
DiEA_Cs_MgBr3,7.03060192782489
HA_TetraMA_BeBr3,7.03087655368099
DiEA_MA_SrBr3,7.03117975822156
FA_TetraMA_CaBr3,7.0316422799978
TetraMA_DiMA_CaBr3,7.0340499013094
Cs_MA_BeBr3,7.03433821140801
NH4_i-PA_MgCl3,7.03438052425812
HA_HY_SrBr3,7.03623151560921
Cs_NH4_BeCl3,7.03633677858018
FA_TetraMA_MgCl3,7.03643797336268
TetraMA_MA_MgCl3,7.03646833743033
TetraMA_i-PA_SrBr3,7.03897373957206
DiEA_i-PA_SrBr3,7.03932748770527
NH4_i-BuA_MgCl3,7.04178721963991
TetraMA_IM_MgCl3,7.04506827676362
Cs_HY_BeCl3,7.04659421635462
DiEA_TriMA_SrBr3,7.04697494759135
FA_Cs_BeCl3,7.04771657276122
HA_TriMA_BaBr3,7.04859769457574
DiMA_i-BuA_CaBr3,7.0487604293564
EA_i-BuA_CaBr3,7.0487604293564
HA_i-PA_BaBr3,7.05004294811971
NH4_MA_MgCl3,7.05080334920118
Cs_NH4_BaBr3,7.05378091398688
EA_HA_BeI3,7.05498403242887
i-BuA_MA_BeCl3,7.05503885886153
NH4_AA_MgCl3,7.0565644199106
TriMA_TetraMA_SrBr3,7.05896734567044
NH4_Az_MgCl3,7.059725230421
HY_AA_BeBr3,7.05988450075113
TetraMA_AA_CaBr3,7.06066249841808
EA_TriMA_CaBr3,7.06087739581714
GUA_MA_BeBr3,7.0611150982572
HA_DiMA_BeI3,7.06122371429069
Cs_GUA_BeCl3,7.06163442863159
EA_i-PA_CaBr3,7.06232264936111
TetraMA_i-PA_BaBr3,7.06285976336345
i-BuA_AA_BeCl3,7.06459480207389
DiEA_Az_SrCl3,7.06604649655206
3-Py_DiEA_SrCl3,7.07343824014363
DiEA_FA_SrBr3,7.07353428809849
i-PA_DiMA_CaBr3,7.07527902749342
FA_i-BuA_MgCl3,7.07587423854439
TetraMA_GUA_CaBr3,7.07730361937524
FA_TetraMA_SrBr3,7.07758716378099
TriMA_DiMA_MgCl3,7.08303504495327
DiEA_TriMA_BaBr3,7.08389186557758
DiEA_MA_BaBr3,7.08395493729456
HA_NH4_BaBr3,7.08413844903535
TriMA_DiMA_CaBr3,7.09014111348859
DiMA_GUA_BaCl3,7.090326538971
DiEA_HA_BaBr3,7.0911534653942
i-PA_MA_BeBr3,7.09524518441839
DiEA_NH4_BeBr3,7.09581091332594
i-PA_DiMA_MgCl3,7.09605563545927
EA_GUA_BaCl3,7.09611368015321
DiEA_AA_BaBr3,7.09756847676611
i-PA_Az_SrBr3,7.10026389442202
DiMA_Az_CaBr3,7.10151712694231
EA_Az_CaBr3,7.10151712694231
3-Py_NH4_BeCl3,7.1036191439922
DiEA_i-PA_BaBr3,7.10412941823266
TriMA_GUA_MgCl3,7.10545007148671
Az_MA_BaBr3,7.10636426163054
FA_i-BuA_CaBr3,7.10683797680558
i-BuA_AA_CaCl3,7.10684425196082
NH4_AA_BeBr3,7.11048379989997
FA_HA_BeCl3,7.11063658413152
NH4_Az_BaCl3,7.11120465294622
GUA_i-BuA_CaBr3,7.11378100964331
EA_Cs_BeBr3,7.11559048506115
TriMA_Az_SrBr3,7.1168448617619
EA_Az_SrBr3,7.11767407543808
Cs_HY_SrBr3,7.12167763551372
NH4_HY_BeCl3,7.12426463131075
FM_DiMA_BeCl3,7.12457314498577
DiEA_Az_BaBr3,7.12533214837235
FA_TriMA_BaCl3,7.12640054604345
FM_EA_BeCl3,7.12872304652282
i-PA_GUA_MgCl3,7.12882742240787
DiEA_AA_BeCl3,7.13295124755604
DiEA_GUA_SrBr3,7.13327969929701
FA_NH4_MgCl3,7.13856965767372
TetraMA_GUA_SrBr3,7.13904573900753
EA_TetraMA_CaCl3,7.14364718404064
Cs_Az_BeCl3,7.14895434771589
Az_MA_MgCl3,7.15090725828952
i-PA_i-BuA_SrBr3,7.15349811852736
HA_GUA_MgCl3,7.15515757336822
DiEA_HY_BaBr3,7.15989700713897
Cs_AA_BaCl3,7.16076202056387
TriMA_MA_BeBr3,7.16174508185073
IM_i-BuA_SrCl3,7.16589017798153
HY_MA_MgCl3,7.16835614363257
TetraMA_AA_BeCl3,7.17025050410785
i-PA_AA_SrBr3,7.17203924535956
i-PA_Az_BeCl3,7.1731426985551
TriMA_AA_CaBr3,7.17338290603872
TriMA_i-PA_CaCl3,7.17471506546114
i-PA_DiMA_SrBr3,7.17551308584951
TriMA_TetraMA_BaBr3,7.17568249936729
HA_HY_BeCl3,7.17789258143026
EA_TriMA_SrBr3,7.17885694818047
TriMA_Az_BeCl3,7.17990465123423
EA_i-PA_SrBr3,7.18030220172445
i-PA_AA_CaBr3,7.18130345829267
DiEA_EA_BeCl3,7.18169473319147
FA_MA_SrBr3,7.18169526249527
i-PA_i-BuA_BeCl3,7.18183615966979
TriMA_AA_MgCl3,7.18397351302653
DiEA_DiMA_BeCl3,7.18415412587206
TetraMA_IM_SrCl3,7.18507875849896
TriMA_i-BuA_SrBr3,7.18514824877383
TriMA_i-PA_SrBr3,7.18707071213962
TriMA_i-BuA_BeCl3,7.18748630755468
EA_DiMA_MgCl3,7.18763341532787
Cs_GUA_SrCl3,7.18831612457788
TetraMA_DiMA_SrBr3,7.18943673267252
TriMA_DiMA_SrBr3,7.19037517184467
TetraMA_NH4_BaCl3,7.19235893769812
Az_MA_SrBr3,7.19358737275177
HA_MA_MgCl3,7.19504398051489
DiEA_AA_CaCl3,7.19616426124663
Az_MA_BeBr3,7.19677781318532
EA_TetraMA_SrBr3,7.1982600410698
HA_HY_SrCl3,7.20098767303476
TriMA_i-PA_BeCl3,7.20337250259527
HA_NH4_BaCl3,7.20380154009589
DiEA_DiMA_SrBr3,7.20573246555463
DiEA_EA_SrBr3,7.20573246555463
DiEA_MA_BeCl3,7.21051347481036
TetraMA_DiMA_BeCl3,7.21224742447338
DiEA_GUA_CaCl3,7.2124506042111
TetraMA_DiMA_CaCl3,7.21253728707562
HY_GUA_SrBr3,7.21396590320268
HA_AA_CaCl3,7.21407028538872
DiEA_Cs_BeI3,7.21428375121966
i-PA_AA_MgCl3,7.21956695357753
i-PA_MA_BaBr3,7.22044548488521
NH4_i-BuA_CaBr3,7.22473995075486
FA_DiMA_CaBr3,7.22487046273272
AA_MA_CaBr3,7.22520366769824
EA_FA_CaBr3,7.22520366769824
EA_DiMA_BeBr3,7.22698323127465
HY_i-BuA_CaBr3,7.22708454808456
HA_NH4_BeCl3,7.22781168143352
TetraMA_NH4_MgCl3,7.22814443657858
EA_TetraMA_BeCl3,7.22832207259579
EA_i-PA_BaBr3,7.22876706086458
HY_Az_MgCl3,7.23161963267634
DiMA_Az_BaCl3,7.23455028998804
HA_TetraMA_SrCl3,7.23525744570875
TetraMA_GUA_BeCl3,7.23580131991792
HA_TetraMA_CaBr3,7.23810560127812
HY_DiMA_BaBr3,7.23886400662329
HA_TriMA_SrBr3,7.24214350720169
EA_HY_BaBr3,7.24303324650156
NH4_GUA_BeCl3,7.24343061662529
i-BuA_Az_BaCl3,7.24751762354786
HA_i-PA_SrBr3,7.24927737495973
TriMA_MA_BaBr3,7.24964687984971
Cs_NH4_SrCl3,7.25031195121451
i-PA_i-BuA_BaBr3,7.25088609706173
GUA_i-BuA_SrBr3,7.2510480648334
Cs_AA_BeCl3,7.25122986233083
DiEA_NH4_BaBr3,7.25228282727787
NH4_i-PA_BaBr3,7.25342287424493
TetraMA_i-BuA_SrCl3,7.25356188616516
DiMA_GUA_MgCl3,7.25445050496268
EA_GUA_MgCl3,7.25445050496268
FA_NH4_BaCl3,7.25712563800343
EA_TriMA_BaBr3,7.25719569492531
EA_TriMA_BeCl3,7.26638786412586
HA_i-BuA_MgCl3,7.2702636386148
i-PA_DiMA_BeCl3,7.27081089448076
i-PA_DiMA_CaCl3,7.27100344451557
EA_i-PA_BeCl3,7.27135301824149
FA_i-BuA_SrBr3,7.27511501049354
EA_TriMA_CaCl3,7.27624561698433
NH4_i-BuA_SrBr3,7.27742800480262
TriMA_DiMA_BeCl3,7.27835193958305
EA_i-PA_CaCl3,7.27835402928456
DiEA_HA_SrBr3,7.28155798183936
Cs_NH4_SrBr3,7.28227821937094
FA_NH4_BeCl3,7.28230026967897
TriMA_i-BuA_BaBr3,7.28351102957398
HY_i-BuA_SrBr3,7.28792948874484
TriMA_NH4_BaBr3,7.29245087261112
TriMA_i-PA_BaBr3,7.29268816669086
NH4_DiMA_MgCl3,7.29313144728517
HA_TetraMA_MgCl3,7.29572760516297
TriMA_HY_BaBr3,7.29621542697451
FA_TetraMA_BeCl3,7.29822797606613
DiMA_i-BuA_CaCl3,7.29873019700749
HA_GUA_BeCl3,7.30095979978985
EA_HA_SrBr3,7.30302057247564
FA_Az_SrCl3,7.30482409192149
TetraMA_MA_CaCl3,7.30874169451549
i-PA_GUA_CaCl3,7.30904022201511
HA_MA_SrBr3,7.31024567658122
i-PA_HY_BeBr3,7.31209489653885
TriMA_MA_MgCl3,7.31366394090118
i-PA_DiMA_BaBr3,7.31712531005283
Cs_Az_BaBr3,7.31746083772202
TriMA_HY_BeBr3,7.31885684921799
TriMA_GUA_CaCl3,7.32217233956151
HA_DiMA_SrBr3,7.3249418110665
Cs_MA_BaBr3,7.32510149692252
EA_FA_MgCl3,7.33193752730354
FA_TriMA_CaCl3,7.33211233778754
EA_AA_CaCl3,7.33285540510458
FA_i-PA_CaCl3,7.33355759133151
AA_Az_SrCl3,7.33651759158097
DiEA_GUA_BeCl3,7.33668747723494
DiEA_HY_CaBr3,7.33701996554003
i-PA_MA_MgCl3,7.33875591209064
NH4_AA_BaCl3,7.34069766286962
HA_Cs_SrBr3,7.34155913182582
HA_DiMA_BaBr3,7.34227196330848
DiEA_Az_BaCl3,7.3432284563518
TriMA_AA_BaCl3,7.34657462753757
DiMA_Az_BeCl3,7.34684091147289
EA_Az_BeCl3,7.34684091147289
i-PA_HY_BaBr3,7.34762129511959
GUA_i-BuA_CaCl3,7.34793129855648
DiEA_FA_BaCl3,7.34796074871935
HA_i-PA_BeBr3,7.35055404521531
TetraMA_HY_CaBr3,7.35181017466891
TriMA_NH4_MgCl3,7.35393742817836
TetraMA_Az_BaCl3,7.35408218564141
HA_MA_BeBr3,7.354139701135
EA_i-BuA_CaCl3,7.35416361026256
HA_HY_BaBr3,7.35462121098103
HA_AA_MgCl3,7.35508995252164
FA_MA_BeBr3,7.3553751418259
DiMA_AA_CaCl3,7.3577176390643
EA_Az_BaCl3,7.35841676748837
HY_AA_BaCl3,7.36226876323492
DiEA_HY_BeCl3,7.36413222183656
NH4_HY_BaCl3,7.36441077522739
TetraMA_HY_MgCl3,7.36811370681558
HY_Az_BaCl3,7.36907987204836
i-PA_AA_BaCl3,7.36991061833919
TriMA_DiMA_BaBr3,7.37312465772118
FA_i-PA_BaCl3,7.37346447103255
DiEA_FA_CaCl3,7.37530594109132
EA_HA_BaBr3,7.37882010770418
DiEA_FA_BeCl3,7.37973750941209
GUA_i-BuA_BeCl3,7.38051595228529
HA_Az_BaCl3,7.38261732413769
HA_Az_SrCl3,7.38477937856451
Cs_AA_SrCl3,7.3875157525272
NH4_i-BuA_BeCl3,7.38779896824939
Cs_Az_BaCl3,7.38949685541518
DiEA_DiMA_BaBr3,7.39028397368648
DiEA_EA_BaBr3,7.39028397368648
DiMA_Az_CaCl3,7.39037058519223
EA_Az_CaCl3,7.39037058519223
i-PA_AA_BeCl3,7.39187478768764
TriMA_AA_BeCl3,7.39664051874591
EA_NH4_SrBr3,7.39838009681635
i-BuA_MA_BaCl3,7.40129840004523
i-BuA_MA_SrCl3,7.40292759345926
EA_NH4_BaBr3,7.41116059681982
FA_HY_MgCl3,7.4123272177907
FA_HA_CaCl3,7.41241640383778
HA_HY_MgCl3,7.41414585671139
i-PA_HY_SrBr3,7.41680696886112
DiEA_NH4_CaBr3,7.41963285896602
AA_MA_MgCl3,7.42044143631328
HA_i-BuA_CaBr3,7.42059184196799
DiMA_MA_MgCl3,7.42116627037514
EA_MA_MgCl3,7.42116627037514
i-PA_MA_SrBr3,7.42141742904666
FA_HY_BeCl3,7.42171537208586
DiMA_GUA_CaCl3,7.4229525606967
GUA_Az_SrCl3,7.42390941075734
Cs_Az_SrBr3,7.42718453013197
DiMA_i-BuA_BeCl3,7.4274507634698
EA_i-BuA_BeCl3,7.4274507634698
FA_MA_MgCl3,7.42815539837203
TetraMA_AA_CaCl3,7.43035703507656
i-PA_MA_CaBr3,7.43367329599168
TriMA_MA_CaBr3,7.43646400130337
EA_TetraMA_BaBr3,7.43816212235741
EA_GUA_CaCl3,7.4394091311269
HY_Az_SrCl3,7.4401588600754
HA_TriMA_MgCl3,7.44265190962843
NH4_i-PA_BeBr3,7.44406517589382
HA_i-PA_MgCl3,7.4440971631724
NH4_HY_BaBr3,7.44599069467807
TriMA_HY_SrBr3,7.44600836382562
DiMA_AA_BaCl3,7.44981775137921
EA_AA_BaCl3,7.44981775137921
Az_MA_BaCl3,7.45004920560301
NH4_AA_CaCl3,7.45110257484396
EA_NH4_MgCl3,7.45112896407733
NH4_AA_SrCl3,7.45452196332398
i-BuA_AA_BaCl3,7.45799527066449
DiEA_MA_SrCl3,7.46041520460943
DiEA_Cs_MgCl3,7.46066166501772
i-BuA_AA_SrCl3,7.46320640113174
DiEA_HY_CaCl3,7.46323349887452
DiMA_Az_BaBr3,7.46364413165802
TriMA_MA_SrBr3,7.46530946403906
TetraMA_GUA_CaCl3,7.4663265057172
FA_Cs_SrCl3,7.46789913122575
EA_Az_BaBr3,7.46802744262419
DiEA_TriMA_SrCl3,7.46921617378401
HA_DiMA_MgCl3,7.47383595137669
HA_AA_BaCl3,7.47617283338846
HA_TetraMA_BeCl3,7.47827393680166
HA_MA_BaCl3,7.48238513718767
EA_DiMA_CaBr3,7.48344343919179
GUA_MA_BaCl3,7.48553318770109
NH4_MA_BeBr3,7.48748351285169
DiEA_i-PA_SrCl3,7.48945372643909
HY_i-BuA_BeCl3,7.4902605289553
EA_GUA_BeCl3,7.49037464853219
HA_AA_BeCl3,7.49355788807451
FA_i-BuA_BeCl3,7.49450242673038
NH4_Az_SrCl3,7.50362016835045
HA_GUA_SrCl3,7.5055452929396
TetraMA_AA_BaCl3,7.5066909038469
DiEA_GUA_BaCl3,7.5084883118515
NH4_MA_BaBr3,7.51019516687599
TriMA_NH4_SrBr3,7.51217029090316
NH4_DiMA_SrBr3,7.51371971466133
TetraMA_HY_BaCl3,7.5155150597352
DiEA_NH4_SrBr3,7.51617031704288
DiEA_HA_CaCl3,7.51785200646513
HA_NH4_MgCl3,7.51847305759604
DiEA_HA_CaBr3,7.51881094906462
FA_HA_SrCl3,7.51894844889307
DiMA_GUA_BeCl3,7.5235018131436
HY_GUA_BeCl3,7.52383864176498
DiEA_TriMA_BaCl3,7.52920068755966
GUA_i-BuA_MgCl3,7.52978672734208
HA_MA_BaBr3,7.53108625460944
HY_AA_CaCl3,7.53867179627854
TetraMA_i-PA_BaCl3,7.53890023436902
FA_TriMA_BeCl3,7.53890827745114
FA_i-PA_BeCl3,7.54035353099512
Cs_MA_MgCl3,7.54150819385855
HY_MA_SrBr3,7.5453572355837
HA_MA_BeCl3,7.54747288210448
DiEA_i-PA_BaCl3,7.54943824021474
FA_DiMA_CaCl3,7.55053033691205
DiEA_AA_BaCl3,7.55370610346843
AA_MA_BaCl3,7.55670266316241
HA_TriMA_CaBr3,7.55952198999487
HA_GUA_CaCl3,7.55976341044144
TetraMA_HY_BeCl3,7.55982892932319
HA_i-PA_CaBr3,7.56096724353884
Cs_MA_BaCl3,7.56627873755928
i-PA_Az_BaCl3,7.56842683926355
HY_DiMA_MgCl3,7.57165054243091
Az_MA_CaCl3,7.57459799985239
HA_i-BuA_BaBr3,7.57469576448375
EA_TriMA_BaCl3,7.57534103283697
EA_FA_CaCl3,7.57646540281768
NH4_i-PA_SrBr3,7.57932158153021
HA_Cs_SrCl3,7.58246846008549
HA_i-BuA_SrBr3,7.58458118630413
i-PA_MA_BeCl3,7.58562671268354
DiEA_MA_BaCl3,7.58575175908071
NH4_DiMA_BaBr3,7.58712481910733
TetraMA_AA_MgCl3,7.5891809679202
HY_i-BuA_CaCl3,7.59290269266402
FA_i-BuA_BaCl3,7.59989820027525
Cs_i-PA_BeBr3,7.60144030874623
TriMA_TetraMA_BaCl3,7.6031625273846
NH4_DiMA_BeBr3,7.60462510451094
EA_i-PA_BaCl3,7.60751583616375
DiEA_AA_SrCl3,7.608560354028
FA_DiMA_BaCl3,7.60939297094612
i-PA_AA_CaCl3,7.60952128263151
Cs_DiMA_MgCl3,7.61050229234166
DiEA_HA_BeCl3,7.61182673750663
EA_DiMA_BaBr3,7.6127703273953
HA_TetraMA_CaCl3,7.61579786235716
TriMA_MA_BeCl3,7.61823973945306
TriMA_NH4_BeBr3,7.62104129003984
EA_DiMA_SrBr3,7.62140892084675
TriMA_AA_CaCl3,7.62199024142166
i-PA_HY_MgCl3,7.62258875695815
i-PA_DiMA_BaCl3,7.62280044928462
TetraMA_HY_SrCl3,7.62332324907065
HA_NH4_SrBr3,7.62343478722102
TriMA_HY_MgCl3,7.62390747542149
TetraMA_GUA_MgCl3,7.62413204155683
EA_i-BuA_BaBr3,7.62516287455693
Cs_i-BuA_BaBr3,7.62616544463027
TriMA_Az_BaCl3,7.62641210396644
HA_i-PA_BaCl3,7.62982799348574
EA_FA_BaCl3,7.63007859321528
TetraMA_Az_SrCl3,7.63228851110186
AA_MA_CaCl3,7.63338223664342
FA_i-BuA_CaCl3,7.63365977820591
FA_TetraMA_CaCl3,7.63451158303872
Cs_Az_MgCl3,7.63630945069832
NH4_Az_BeCl3,7.63808268686482
DiMA_GUA_SrCl3,7.63831594150404
EA_GUA_SrCl3,7.63831594150404
HA_Az_BeCl3,7.64475076866181
Az_MA_BeCl3,7.64517925539844
HY_GUA_CaCl3,7.64660397304881
DiEA_DiMA_SrCl3,7.64941182136201
DiEA_EA_SrCl3,7.65097619208131
Cs_DiMA_SrBr3,7.65278292500129
TriMA_DiMA_BaCl3,7.6529766465149
NH4_i-BuA_CaCl3,7.65336112174235
NH4_MA_CaBr3,7.65466958253667
HA_i-BuA_CaCl3,7.65661391368469
Cs_HY_MgCl3,7.65880437011592
DiMA_AA_BeCl3,7.66026828651203
EA_AA_BeCl3,7.66026828651203
DiEA_HY_BaCl3,7.66219369431818
DiEA_HA_BaCl3,7.6636116538062
EA_NH4_BeBr3,7.66588514455108
TetraMA_NH4_CaCl3,7.66667062548152
DiEA_FA_SrCl3,7.66678434081771
EA_HA_MgCl3,7.6710281274428
HA_HY_BaCl3,7.67114746237069
TetraMA_NH4_SrCl3,7.67129099502947
GUA_MA_CaCl3,7.67328059318144
DiEA_NH4_CaCl3,7.67467884690587
NH4_HY_SrBr3,7.68450093822408
DiEA_NH4_SrCl3,7.68462378525009
GUA_i-BuA_BaCl3,7.68526771076436
TetraMA_NH4_BeCl3,7.68908658117014
EA_Cs_BaBr3,7.69311765799421
DiEA_NH4_BeCl3,7.69620662038033
HA_DiMA_BaCl3,7.69836169815836
AA_MA_SrCl3,7.70090035195176
HY_MA_BaBr3,7.70123537460879
HY_i-BuA_BaCl3,7.70204597689691
i-PA_i-BuA_BaCl3,7.70400592318438
Cs_Az_SrCl3,7.70460075468099
Cs_DiMA_BaBr3,7.70667962670452
Cs_i-PA_CaBr3,7.71295451482681
TetraMA_DiMA_BaCl3,7.71594841491392
TriMA_i-PA_BaCl3,7.71813013215071
NH4_AA_BeCl3,7.72445465240374
EA_TetraMA_BaCl3,7.7247717233112
HY_GUA_SrCl3,7.72559467446364
FA_DiMA_SrCl3,7.72779545944303
HA_i-BuA_BeCl3,7.73107560791309
HA_DiMA_BeBr3,7.73438506118159
NH4_MA_SrBr3,7.73821077639753
HA_AA_SrCl3,7.74201827157655
Cs_i-PA_BeCl3,7.74653675736336
NH4_i-PA_BaCl3,7.74749867079904
TriMA_i-BuA_BaCl3,7.74925128332126
DiEA_GUA_SrCl3,7.7506294117903
Cs_i-BuA_BeBr3,7.7508373911523
EA_FA_SrCl3,7.75186289996561
HA_i-PA_BeCl3,7.75200597025761
EA_MA_BeBr3,7.75340814058091
AA_MA_BeCl3,7.75514435573607
EA_MA_BaBr3,7.75823375799979
EA_Cs_SrBr3,7.75847982384487
i-PA_HY_CaBr3,7.76256534669824
DiEA_DiMA_BaCl3,7.76296361453545
DiEA_EA_BaCl3,7.76296361453545
NH4_MA_BaCl3,7.76882012020791
NH4_i-BuA_BaCl3,7.7693454359179
NH4_i-BuA_SrCl3,7.77453561475474
EA_HY_SrBr3,7.77653166861796
EA_Cs_BeCl3,7.78298965761419
DiMA_MA_BeBr3,7.78626496424028
DiMA_MA_BaBr3,7.78668899297448
HA_TriMA_BeCl3,7.78920322085979
NH4_MA_BeCl3,7.78969150429436
Cs_i-BuA_SrBr3,7.78992398433904
TriMA_HY_CaBr3,7.79176674166274
TetraMA_Cs_SrBr3,7.79290371634162
FA_MA_BaCl3,7.79399098205707
TetraMA_Cs_BeBr3,7.79773495614963
FA_MA_BeCl3,7.79819458971722
TetraMA_MA_SrCl3,7.79949804796887
EA_DiMA_BeCl3,7.80491927604708
HY_MA_BeBr3,7.82217537596944
HY_AA_BeCl3,7.82366508482347
EA_HY_BeBr3,7.8250807863091
HY_DiMA_SrBr3,7.8263035205339
GUA_MA_BeCl3,7.82657395094222
HA_TriMA_BaCl3,7.82744973169083
HA_i-BuA_BaCl3,7.83188637220571
TetraMA_HY_CaCl3,7.84117580700652
TriMA_Cs_BeBr3,7.8427891934072
HA_TetraMA_BaCl3,7.84552324522777
Cs_DiMA_BeCl3,7.84848604235785
FA_HY_SrCl3,7.85245888254757
Cs_i-BuA_CaBr3,7.85598090258137
TriMA_Cs_CaBr3,7.86011558851746
HY_Az_BeCl3,7.86194487955368
i-PA_GUA_SrCl3,7.87593893210395
Cs_i-BuA_MgCl3,7.87804563015204
HY_DiMA_BeBr3,7.8785674974596
HA_Cs_MgCl3,7.88773767186396
Cs_DiMA_CaBr3,7.8882189474896
TriMA_GUA_SrCl3,7.88985014207351
HY_AA_SrCl3,7.89666165488021
DiEA_Cs_BeCl3,7.90288349558835
Cs_i-PA_BaBr3,7.90801163021387
DiEA_HY_SrCl3,7.90864523478695
DiEA_Cs_SrBr3,7.90994785639183
Cs_i-BuA_BeCl3,7.91424150195284
Cs_MA_BeCl3,7.91712351955033
i-PA_HY_BeCl3,7.92420927226328
EA_FA_BeCl3,7.92587166728142
FA_DiMA_BeCl3,7.92589526951371
HA_TriMA_CaCl3,7.9283659208835
HA_i-PA_CaCl3,7.92981117442748
TriMA_HY_BaCl3,7.93057335268338
TriMA_HY_BeCl3,7.93111912652985
TriMA_NH4_BaCl3,7.93640420143349
EA_DiMA_CaCl3,7.93782788049148
i-PA_MA_BaCl3,7.93818110521825
DiEA_Cs_BaBr3,7.94314439357747
HY_MA_BaCl3,7.94486497021642
DiEA_HA_SrCl3,7.95635557797589
DiEA_Cs_CaBr3,7.95973325221189
DiMA_MA_SrBr3,7.96091812151334
DiEA_NH4_BaCl3,7.96251886127156
GUA_MA_SrCl3,7.96297125258841
DiMA_Az_SrCl3,7.96722950741755
TetraMA_Cs_BeCl3,7.96905847935195
Cs_i-PA_MgCl3,7.9722079421349
TriMA_Cs_BeCl3,7.97240991182494
NH4_DiMA_BeCl3,7.9727992235225
EA_MA_SrBr3,7.97301280242391
TriMA_MA_BaCl3,7.97423219010432
HY_MA_BeCl3,7.98069846743558
EA_Cs_MgCl3,7.98110496275371
Cs_HY_SrCl3,7.98122629394892
i-PA_MA_CaCl3,7.98201748673146
TetraMA_Cs_MgCl3,7.98529014827923
HA_MA_SrCl3,7.98853131898327
TetraMA_i-PA_SrCl3,7.99689469465252
i-PA_i-BuA_SrCl3,7.99747389837056
NH4_i-PA_BeCl3,8.00015790838257
HA_DiMA_BeCl3,8.00130894792446
TriMA_MA_CaCl3,8.01793224252695
FA_TriMA_SrCl3,8.01857682620932
EA_NH4_BaCl3,8.02191314248477
EA_NH4_BeCl3,8.02873685900178
FA_TetraMA_SrCl3,8.03237115405019
EA_HA_BeCl3,8.03763727070396
HY_i-BuA_SrCl3,8.03822113291283
i-PA_HY_CaCl3,8.03825279844982
FA_i-PA_SrCl3,8.03881437886439
DiMA_i-BuA_BaCl3,8.04428521092591
EA_i-BuA_BaCl3,8.04428521092591
TriMA_i-BuA_SrCl3,8.04857375073956
HA_TriMA_SrCl3,8.0488773126216
EA_DiMA_BaCl3,8.04969163744832
TriMA_HY_CaCl3,8.0598282848275
NH4_DiMA_BaCl3,8.06226960405305
EA_NH4_CaBr3,8.07198938718619
TetraMA_Cs_BaCl3,8.07943355940431
FA_MA_SrCl3,8.08446295223013
HY_DiMA_BaCl3,8.08920052948188
EA_Cs_BaCl3,8.09052779098921
FA_Cs_CaCl3,8.0938363470415
TriMA_Cs_BaBr3,8.10141945956391
EA_HY_BaCl3,8.10146727667355
TriMA_TetraMA_SrCl3,8.10425145054845
TriMA_i-PA_SrCl3,8.10499557913669
Cs_i-PA_SrCl3,8.10760624436084
EA_HA_BaCl3,8.11110748775157
Cs_i-PA_BaCl3,8.12190726404069
Cs_DiMA_SrCl3,8.12280925067039
TriMA_NH4_CaBr3,8.1259018997364
DiMA_AA_SrCl3,8.13470313629524
EA_AA_SrCl3,8.13470313629524
EA_MA_BeCl3,8.14235578803154
EA_TriMA_SrCl3,8.14557569157713
Az_MA_SrCl3,8.15691246015996
EA_i-PA_SrCl3,8.16557938315656
DiEA_Cs_BaCl3,8.16686919057869
TetraMA_AA_SrCl3,8.17024072893851
i-PA_HY_BaCl3,8.17792461181002
NH4_i-PA_CaCl3,8.17991753568593
EA_Cs_SrCl3,8.18633403937816
i-PA_DiMA_SrCl3,8.19099399257774
TetraMA_DiMA_SrCl3,8.19605593812368
i-PA_HY_SrCl3,8.202596762533
EA_TetraMA_SrCl3,8.20487924652095
TriMA_NH4_BeCl3,8.20685700700378
i-PA_MA_SrCl3,8.2089872142164
HA_i-PA_SrCl3,8.2096820253869
DiMA_MA_BeCl3,8.20968523767441
NH4_HY_SrCl3,8.20999062695839
TriMA_DiMA_SrCl3,8.2276878407964
HA_DiMA_CaCl3,8.22769393654337
EA_Az_SrCl3,8.22920249939638
i-PA_Az_SrCl3,8.23277048833615
TriMA_HY_SrCl3,8.23851151832851
Cs_DiMA_BaCl3,8.24471637045459
TriMA_MA_SrCl3,8.24490197001191
Cs_DiMA_CaCl3,8.25202449954776
TriMA_Cs_MgCl3,8.25654654214634
NH4_i-PA_SrCl3,8.25994978788874
EA_HA_CaCl3,8.26378790906978
HA_MA_CaCl3,8.26662286679273
TriMA_Az_SrCl3,8.26946433655481
i-PA_AA_SrCl3,8.27771397294648
NH4_HY_CaCl3,8.28057564904239
HA_NH4_SrCl3,8.28758729029208
TriMA_NH4_CaCl3,8.30777035887522
TetraMA_Cs_SrCl3,8.31291485310364
TriMA_Cs_BaCl3,8.31727453646111
GUA_i-BuA_SrCl3,8.32172116714782
Cs_i-BuA_BaCl3,8.32367962175497
EA_i-BuA_SrCl3,8.3284011109539
TriMA_AA_SrCl3,8.32851789492616
TetraMA_GUA_SrCl3,8.34471228324744
NH4_MA_CaCl3,8.34640477587029
HA_NH4_CaCl3,8.3475714279593
Cs_NH4_MgCl3,8.38964532539348
DiEA_Cs_CaCl3,8.39248511629675
FA_i-BuA_SrCl3,8.40426631229996
HY_DiMA_BeCl3,8.41395391154408
TriMA_NH4_SrCl3,8.42067545118847
EA_HY_BeCl3,8.42328464264496
HY_MA_SrCl3,8.42984005161587
HA_DiMA_SrCl3,8.43460154363499
HA_i-BuA_SrCl3,8.43577733410034
EA_HA_SrCl3,8.43662367632049
EA_NH4_SrCl3,8.43937472380675
DiMA_MA_CaCl3,8.44490315527836
EA_MA_CaCl3,8.44490315527836
TriMA_Cs_SrCl3,8.44896383248767
DiMA_MA_BaCl3,8.47002975601533
NH4_DiMA_SrCl3,8.47246509122117
EA_MA_BaCl3,8.48784106682641
EA_NH4_CaCl3,8.50253957395177
HY_DiMA_CaCl3,8.52448043332877
Cs_i-PA_CaCl3,8.5411796142222
NH4_DiMA_CaCl3,8.5479791862911
Cs_i-BuA_CaCl3,8.56185536559824
EA_HY_CaCl3,8.56729015190216
TetraMA_Cs_CaCl3,8.58159501490042
EA_DiMA_SrCl3,8.60774566332222
Cs_HY_CaCl3,8.62650389535548
Cs_MA_SrCl3,8.69493043571646
EA_HY_SrCl3,8.70684259689997
TriMA_Cs_CaCl3,8.71517312779492
HY_DiMA_SrCl3,8.72075633542457
NH4_MA_SrCl3,8.73150364916763
DiEA_Cs_SrCl3,8.76321109529818
DiMA_MA_SrCl3,8.908982615603
EA_MA_SrCl3,8.908982615603
